# power spectrum of phi
# redshift z=30.000000
# k              Pk             sigma(k)       sigma(Pk)      count
  1.963495e-02   1.698147e-10   0.000000e+00   6.844826e-11   6
  2.776802e-02   6.934694e-11   0.000000e+00   1.384287e-11   12
  3.400874e-02   3.975669e-11   3.725290e-10   8.111717e-12   8
  3.926991e-02   1.095582e-10   0.000000e+00   1.178914e-11   6
  4.390509e-02   6.500496e-11   0.000000e+00   2.072154e-11   24
  4.809562e-02   8.251982e-11   7.024475e-10   1.394229e-11   24
  5.553604e-02   3.151328e-11   0.000000e+00   1.416428e-11   12
  5.890486e-02   3.465733e-11   7.947286e-10   6.330724e-12   30
  6.209118e-02   4.228179e-11   0.000000e+00   9.303526e-12   24
  6.512178e-02   3.666238e-11   1.216675e-09   9.098869e-12   24
  6.801748e-02   4.020551e-11   7.450581e-10   8.119453e-12   8
  7.079483e-02   3.318426e-11   9.934107e-10   4.143782e-12   24
  7.346727e-02   2.978438e-11   0.000000e+00   4.194846e-12   48
  7.853982e-02   3.361258e-11   0.000000e+00   1.477997e-11   6
  8.095699e-02   2.498427e-11   0.000000e+00   3.500494e-12   48
  8.330406e-02   2.231524e-11   0.000000e+00   2.342042e-12   36
  8.558678e-02   2.993575e-11   9.934107e-10   6.279784e-12   24
  8.781018e-02   1.719301e-11   0.000000e+00   2.934616e-12   24
  8.997866e-02   1.464148e-11   0.000000e+00   1.981657e-12   48
  9.209610e-02   2.103193e-11   1.404895e-09   2.990035e-12   24
  9.619124e-02   1.595982e-11   1.404895e-09   2.497117e-12   24
  9.817477e-02   1.048685e-11   0.000000e+00   1.720258e-12   30
  1.001190e-01   1.102647e-11   0.000000e+00   1.203739e-12   72
  1.020262e-01   1.078704e-11   1.490116e-09   2.217494e-12   32
  1.057375e-01   1.313331e-11   0.000000e+00   1.510645e-12   72
  1.075451e-01   8.129479e-12   0.000000e+00   1.189464e-12   48
  1.110721e-01   4.036965e-12   0.000000e+00   1.197405e-12   12
  1.127942e-01   7.961838e-12   0.000000e+00   1.189334e-12   48
  1.144905e-01   6.900534e-12   0.000000e+00   6.757794e-13   48
  1.161620e-01   9.164083e-12   1.404895e-09   1.161367e-12   48
  1.178097e-01   1.088564e-11   1.589457e-09   1.906373e-12   30
  1.194348e-01   1.041574e-11   1.404895e-09   2.336759e-12   24
  1.210380e-01   1.014619e-11   2.961779e-09   1.049894e-12   72
  1.241824e-01   6.018293e-12   0.000000e+00   1.147328e-12   24
  1.257251e-01   8.679997e-12   1.404895e-09   8.426755e-13   96
  1.272490e-01   6.560405e-12   0.000000e+00   8.808363e-13   48
  1.287550e-01   5.348274e-12   2.433349e-09   1.304452e-12   24
  1.302436e-01   4.032133e-12   2.433349e-09   8.330875e-13   24
  1.317153e-01   9.256255e-12   0.000000e+00   1.124281e-12   72
  1.331707e-01   7.082021e-12   0.000000e+00   1.087602e-12   48
  1.360350e-01   5.509847e-12   1.490116e-09   1.626170e-12   8
  1.374447e-01   8.685137e-12   1.766064e-09   1.066344e-12   54
  1.388401e-01   5.523416e-12   0.000000e+00   9.358265e-13   84
  1.402216e-01   6.352505e-12   0.000000e+00   9.189743e-13   48
  1.415897e-01   3.752161e-12   1.986821e-09   6.635810e-13   24
  1.429446e-01   5.000807e-12   1.873193e-09   5.849553e-13   72
  1.442869e-01   6.407383e-12   0.000000e+00   7.258174e-13   96
  1.469345e-01   8.069081e-12   0.000000e+00   8.801112e-13   48
  1.482407e-01   4.442237e-12   0.000000e+00   4.217346e-13   48
  1.495354e-01   3.979813e-12   1.986821e-09   7.757672e-13   24
  1.508189e-01   4.267378e-12   0.000000e+00   4.659700e-13   72
  1.533539e-01   4.082293e-12   1.873193e-09   4.816447e-13   72
  1.546058e-01   4.040137e-12   0.000000e+00   4.605039e-13   96
  1.570796e-01   6.255227e-12   0.000000e+00   2.738412e-12   6
  1.583021e-01   4.417045e-12   0.000000e+00   4.438780e-13   96
  1.595151e-01   4.479187e-12   1.986821e-09   4.782445e-13   96
  1.607190e-01   2.823894e-12   0.000000e+00   6.732246e-13   24
  1.619140e-01   3.224602e-12   0.000000e+00   3.746241e-13   48
  1.631002e-01   3.286691e-12   0.000000e+00   3.301044e-13   96
  1.642778e-01   3.384123e-12   0.000000e+00   4.612767e-13   48
  1.666081e-01   3.162869e-12   0.000000e+00   5.613712e-13   36
  1.677611e-01   3.149511e-12   3.441276e-09   3.908704e-13   48
  1.689063e-01   3.412151e-12   3.893359e-09   3.037998e-13   120
  1.700437e-01   2.928443e-12   0.000000e+00   3.857360e-13   56
  1.711736e-01   1.584604e-12   1.986821e-09   2.801773e-13   24
  1.722960e-01   2.346665e-12   0.000000e+00   2.095683e-13   96
  1.734112e-01   2.430466e-12   0.000000e+00   3.113119e-13   48
  1.756204e-01   3.153648e-12   0.000000e+00   5.835739e-13   24
  1.767146e-01   3.216942e-12   0.000000e+00   3.229597e-13   102
  1.778021e-01   3.650993e-12   0.000000e+00   5.559489e-13   48
  1.788829e-01   3.087585e-12   0.000000e+00   3.139956e-13   72
  1.799573e-01   2.777632e-12   0.000000e+00   2.786658e-13   48
  1.810253e-01   3.188902e-12   0.000000e+00   5.822507e-13   48
  1.820871e-01   2.568935e-12   4.495664e-09   2.385137e-13   120
  1.841922e-01   3.456575e-12   2.809790e-09   5.683941e-13   24
  1.852358e-01   2.206818e-12   0.000000e+00   1.858832e-13   144
  1.862735e-01   2.215595e-12   3.178914e-09   2.188788e-13   120
  1.873055e-01   1.953239e-12   2.809790e-09   2.751900e-13   48
  1.893526e-01   2.547597e-12   0.000000e+00   3.413704e-13   48
  1.903679e-01   2.080417e-12   2.809790e-09   2.078421e-13   96
  1.930487e-01   2.547311e-12   4.711199e-04   2.985311e-13   72
  1.943761e-01   1.988715e-12   3.532127e-09   1.499909e-13   108
  1.953653e-01   2.235685e-12   0.000000e+00   2.375901e-13   72
  1.963495e-01   1.482535e-12   0.000000e+00   3.087956e-13   30
  1.973288e-01   2.308495e-12   0.000000e+00   1.766678e-13   168
  1.983033e-01   2.549412e-12   0.000000e+00   3.020900e-13   48
  2.002380e-01   1.588244e-12   0.000000e+00   1.906739e-13   72
  2.011984e-01   2.152451e-12   0.000000e+00   2.077304e-13   96
  2.021542e-01   1.978687e-12   5.298191e-09   3.044376e-13   72
  2.031055e-01   2.231119e-12   0.000000e+00   2.394476e-13   72
  2.047049e-01   2.079381e-12   4.350048e-04   1.629849e-13   104
  2.059331e-01   1.884158e-12   3.746387e-09   1.404445e-13   144
  2.087224e-01   1.305399e-12   6.282881e-09   1.252855e-13   96
  2.096439e-01   1.264803e-12   0.000000e+00   1.316437e-13   96
  2.111095e-01   1.785952e-12   4.475232e-04   1.652691e-13   120
  2.123845e-01   1.503308e-12   0.000000e+00   1.337295e-13   120
  2.132902e-01   1.820193e-12   0.000000e+00   1.980743e-13   72
  2.150901e-01   1.890755e-12   0.000000e+00   2.504974e-13   48
  2.159845e-01   1.807777e-12   0.000000e+00   2.172616e-13   78
  2.171286e-01   1.894816e-12   4.007142e-04   1.496258e-13   168
  2.195255e-01   1.691713e-12   3.746387e-09   1.441691e-13   144
  2.204018e-01   1.886127e-12   3.746387e-09   1.362733e-13   144
  2.229436e-01   1.536391e-12   2.307791e-04   1.382317e-13   156
  2.238729e-01   1.230852e-12   2.809790e-09   2.442313e-13   48
  2.247323e-01   1.379957e-12   3.178914e-09   1.282847e-13   120
  2.255884e-01   9.258720e-13   0.000000e+00   9.621418e-14   48
  2.271022e-01   1.420573e-12   3.532495e-04   1.015658e-13   216
  2.289809e-01   1.078515e-12   0.000000e+00   1.270462e-13   48
  2.298212e-01   1.103960e-12   2.809790e-09   9.430043e-14   96
  2.310160e-01   1.246139e-12   4.128272e-04   1.104423e-13   168
  2.323239e-01   9.806058e-13   2.809790e-09   1.406740e-13   48
  2.331522e-01   1.383243e-12   0.000000e+00   1.391824e-13   96
  2.339775e-01   1.123250e-12   0.000000e+00   2.041023e-13   48
  2.356194e-01   1.421926e-12   3.178914e-09   1.510840e-13   30
  2.364362e-01   9.579640e-13   2.809790e-09   7.935999e-14   96
  2.374123e-01   1.166685e-12   3.244455e-04   8.195215e-14   240
  2.386674e-01   1.849581e-12   3.500299e-04   2.719045e-13   32
  2.396752e-01   8.565332e-13   0.000000e+00   6.259283e-14   168
  2.404781e-01   9.993506e-13   0.000000e+00   9.668485e-14   120
  2.420760e-01   8.632442e-13   5.923557e-09   1.054439e-13   72
  2.428710e-01   1.255622e-12   3.746387e-09   1.168321e-13   144
  2.436634e-01   9.435774e-13   0.000000e+00   9.100304e-14   96
  2.444532e-01   1.148446e-12   0.000000e+00   9.278399e-14   96
  2.460253e-01   1.421503e-12   0.000000e+00   1.767062e-13   72
  2.468075e-01   9.653179e-13   3.973643e-09   9.577462e-14   96
  2.483647e-01   1.164905e-12   0.000000e+00   2.130399e-13   24
  2.491396e-01   1.079574e-12   0.000000e+00   7.535800e-14   192
  2.500522e-01   1.007247e-12   2.970416e-04   7.731722e-14   132
  2.514501e-01   1.111588e-12   2.809790e-09   9.484808e-14   96
  2.522156e-01   7.209448e-13   0.000000e+00   7.295362e-14   96
  2.529787e-01   9.255134e-13   3.178914e-09   7.501721e-14   120
  2.544981e-01   9.949918e-13   0.000000e+00   1.343754e-13   48
  2.557435e-01   7.557754e-13   3.599905e-04   4.664145e-14   222
  2.567603e-01   9.388737e-13   0.000000e+00   8.661396e-14   120
  2.575100e-01   8.419079e-13   4.866699e-09   1.721278e-13   24
  2.586015e-01   1.102747e-12   3.715625e-04   6.318425e-14   312
  2.609797e-01   1.176211e-12   3.483547e-04   1.241439e-13   72
  2.619630e-01   7.990048e-13   4.866699e-09   9.556985e-14   96
  2.629726e-01   9.951477e-13   3.547511e-04   8.096710e-14   192
  2.641613e-01   8.447549e-13   4.495664e-09   9.116089e-14   120
  2.648900e-01   8.665168e-13   0.000000e+00   8.357239e-14   144
  2.663415e-01   8.101879e-13   0.000000e+00   1.149656e-13   48
  2.673732e-01   7.562603e-13   3.567146e-04   4.655209e-14   336
  2.685040e-01   8.297193e-13   0.000000e+00   1.032022e-13   48
  2.699360e-01   7.783408e-13   0.000000e+00   7.375208e-14   192
  2.706492e-01   6.988696e-13   0.000000e+00   8.415204e-14   48
  2.726764e-01   7.289388e-13   2.476067e-04   8.847494e-14   56
  2.736844e-01   7.573980e-13   3.180112e-04   4.185668e-14   336
  2.748894e-01   7.697807e-13   3.532127e-09   1.171087e-13   54
  2.759390e-01   7.049526e-13   3.492904e-04   4.483036e-14   240
  2.781181e-01   7.150881e-13   3.344484e-04   5.798163e-14   228
  2.790651e-01   7.583587e-13   3.746387e-09   9.778864e-14   72
  2.799844e-01   8.038409e-13   3.244231e-04   5.975371e-14   144
  2.811298e-01   6.930743e-13   0.000000e+00   6.623116e-14   96
  2.818146e-01   6.627521e-13   4.495664e-09   4.514178e-14   240
  2.831793e-01   5.441217e-13   3.973643e-09   9.942169e-14   24
  2.840530e-01   6.784498e-13   3.064151e-04   3.876816e-14   336
  2.852142e-01   5.247207e-13   0.000000e+00   6.119422e-14   72
  2.862741e-01   7.765549e-13   3.332831e-04   5.772424e-14   168
  2.872346e-01   5.729730e-13   0.000000e+00   5.608904e-14   72
  2.885737e-01   8.462466e-13   0.000000e+00   8.459752e-14   96
  2.896108e-01   5.575196e-13   3.307829e-04   3.966568e-14   216
  2.905708e-01   4.703304e-13   0.000000e+00   3.614854e-14   96
  2.918946e-01   5.768856e-13   0.000000e+00   3.707946e-14   192
  2.925542e-01   5.856372e-13   3.746387e-09   4.589805e-14   144
  2.938691e-01   5.099716e-13   0.000000e+00   6.501513e-14   48
  2.947794e-01   6.107092e-13   3.189136e-04   4.383666e-14   246
  2.960164e-01   7.318257e-13   2.940434e-04   5.684426e-14   168
  2.971308e-01   5.966006e-13   7.786718e-09   7.116743e-14   120
  2.977788e-01   4.900286e-13   0.000000e+00   3.497453e-14   240
  2.990707e-01   4.029329e-13   3.973643e-09   8.235931e-14   24
  3.001001e-01   5.352686e-13   3.147475e-04   3.178551e-14   360
  3.013820e-01   6.111863e-13   3.134082e-04   4.937647e-14   120
  3.022763e-01   5.674109e-13   0.000000e+00   4.755917e-14   144
  3.029133e-01   6.530193e-13   0.000000e+00   5.719741e-14   96
  3.048165e-01   5.576633e-13   0.000000e+00   4.214837e-14   144
  3.054482e-01   6.268132e-13   0.000000e+00   5.580384e-14   132
  3.063360e-01   4.953093e-13   3.093292e-04   3.720673e-14   176
  3.076248e-01   5.105657e-13   3.123602e-04   2.812258e-14   312
  3.092116e-01   6.592104e-13   0.000000e+00   9.443236e-14   96
  3.098343e-01   4.360919e-13   0.000000e+00   3.938475e-14   144
  3.107899e-01   5.211338e-13   3.092271e-04   3.174694e-14   312
  3.123131e-01   5.045789e-13   0.000000e+00   5.073382e-14   48
  3.129297e-01   4.427672e-13   3.973643e-09   3.177902e-14   192
  3.141593e-01   2.527691e-13   0.000000e+00   7.735787e-14   6
  3.149762e-01   4.179574e-13   2.884066e-04   2.302965e-14   288
  3.162994e-01   4.426328e-13   3.047203e-04   3.371180e-14   192
  3.172124e-01   4.113394e-13   9.345130e-09   2.687671e-14   216
  3.178195e-01   4.873315e-13   0.000000e+00   6.642750e-14   72
  3.193321e-01   4.506941e-13   3.018264e-04   4.001292e-14   192
  3.203366e-01   5.191254e-13   2.241224e-04   3.335254e-14   288
  3.214381e-01   4.126570e-13   0.000000e+00   8.119704e-14   24
  3.222890e-01   4.644781e-13   2.952626e-04   2.401993e-14   456
  3.238280e-01   3.268855e-13   0.000000e+00   5.187050e-14   48
  3.247789e-01   4.388300e-13   2.908218e-04   3.140110e-14   240
  3.258718e-01   5.169471e-13   2.939082e-04   3.484876e-14   216
  3.267908e-01   3.881210e-13   3.746387e-09   4.660628e-14   72
  3.273801e-01   3.607766e-13   1.015467e-08   3.016136e-14   168
  3.290441e-01   4.300095e-13   2.184577e-04   2.815900e-14   288
  3.299773e-01   4.475548e-13   2.890570e-04   3.308625e-14   168
  3.314762e-01   4.663356e-13   0.000000e+00   3.732023e-14   192
  3.320572e-01   3.582499e-13   3.746387e-09   2.581786e-14   144
  3.332162e-01   5.608448e-13   0.000000e+00   7.319398e-14   36
  3.341991e-01   3.278205e-13   2.639705e-04   1.779984e-14   342
  3.351389e-01   3.834300e-13   2.710657e-04   3.505868e-14   144
  3.363470e-01   3.861193e-13   2.842800e-04   2.226719e-14   384
  3.378125e-01   4.509263e-13   7.786718e-09   4.424750e-14   120
  3.385379e-01   4.402485e-13   2.534951e-04   2.630068e-14   264
  3.395201e-01   3.605433e-13   1.256576e-08   2.684973e-14   192
  3.404451e-01   3.622192e-13   2.731894e-04   2.809305e-14   152
  3.412191e-01   3.476281e-13   7.492773e-09   3.329603e-14   144
  3.428472e-01   2.802769e-13   1.768108e-04   2.093777e-14   216
  3.436008e-01   4.075974e-13   2.362665e-04   2.280465e-14   312
  3.449274e-01   3.432774e-13   2.738281e-04   2.046573e-14   240
  3.457090e-01   3.706903e-13   3.973643e-09   3.744438e-14   96
  3.471927e-01   2.842086e-13   2.617995e-04   2.309634e-14   144
  3.481071e-01   3.415399e-13   2.573258e-04   1.751686e-14   456
  3.495904e-01   2.452132e-13   0.000000e+00   1.633965e-14   120
  3.501414e-01   2.928879e-13   0.000000e+00   2.744620e-14   144
  3.512407e-01   2.418476e-13   0.000000e+00   3.905851e-14   24
  3.519456e-01   3.099031e-13   2.473498e-04   1.601297e-14   336
  3.531645e-01   2.995646e-13   2.727931e-04   2.260909e-14   198
  3.543067e-01   3.331622e-13   2.652756e-04   2.055377e-14   432
  3.556041e-01   4.462349e-13   0.000000e+00   4.799227e-14   48
  3.562810e-01   3.885613e-13   2.341925e-04   2.137500e-14   384
  3.574963e-01   3.190041e-13   2.696052e-04   2.853277e-14   144
  3.585975e-01   4.037678e-13   2.676825e-04   3.076594e-14   264
  3.599147e-01   2.656179e-13   0.000000e+00   2.550777e-14   48
  3.607984e-01   3.089600e-13   2.545223e-04   1.956096e-14   276
  3.616510e-01   2.932937e-13   2.307176e-04   2.624191e-14   192
  3.627906e-01   2.892752e-13   2.592759e-04   1.267792e-14   552
  3.641741e-01   2.096754e-13   8.991328e-09   2.135770e-14   120
  3.649965e-01   2.533241e-13   2.624511e-04   1.777943e-14   216
  3.657587e-01   2.621315e-13   4.495664e-09   2.092617e-14   120
  3.671201e-01   3.252517e-13   2.584500e-04   1.667725e-14   408
  3.683844e-01   1.747211e-13   5.619580e-09   2.278027e-14   24
  3.691684e-01   2.642333e-13   2.610810e-04   1.772458e-14   384
  3.702633e-01   2.155990e-13   2.550855e-04   1.417545e-14   240
  3.712141e-01   2.644157e-13   2.569535e-04   1.888958e-14   168
  3.725471e-01   1.964104e-13   6.357829e-09   1.993252e-14   120
  3.734064e-01   2.762088e-13   2.678605e-04   1.638831e-14   350
  3.748037e-01   2.905204e-13   4.409502e-04   1.792959e-14   384
  3.756388e-01   3.234551e-13   0.000000e+00   3.591433e-14   144
  3.771752e-01   2.332549e-13   1.059638e-08   1.633704e-14   288
  3.779773e-01   2.448135e-13   2.524053e-04   1.484590e-14   336
  3.790686e-01   2.466026e-13   2.297941e-04   1.967049e-14   168
  3.797219e-01   2.775322e-13   4.541306e-09   1.977631e-14   336
  3.810732e-01   2.056895e-13   2.385126e-04   1.226625e-14   288
  3.818848e-01   2.399621e-13   2.247398e-04   1.468073e-14   264
  3.832590e-01   2.310569e-13   0.000000e+00   1.574539e-14   240
  3.837616e-01   2.262026e-13   7.947286e-09   2.014832e-14   96
  3.855656e-01   2.661179e-13   3.056310e-04   1.654215e-14   360
  3.864075e-01   2.415850e-13   2.253025e-04   2.535266e-14   168
  3.874713e-01   2.322074e-13   2.456032e-04   1.160509e-14   456
  3.887523e-01   2.068329e-13   7.064254e-09   1.846448e-14   108
  3.894728e-01   1.768949e-13   2.464311e-04   1.167420e-14   264
  3.903716e-01   2.038798e-13   2.198567e-04   1.562658e-14   264
  3.916025e-01   2.388224e-13   2.074668e-04   1.310281e-14   312
  3.931351e-01   2.420870e-13   1.541705e-04   1.898536e-14   270
  3.937775e-01   2.335404e-13   1.957388e-04   1.987192e-14   240
  3.949323e-01   2.410519e-13   2.421536e-04   1.549756e-14   384
  3.956334e-01   1.827479e-13   0.000000e+00   1.278772e-14   192
  3.969952e-01   2.468994e-13   1.942960e-04   2.035927e-14   240
  3.977852e-01   2.375865e-13   2.397927e-04   1.490363e-14   336
  3.992708e-01   2.198950e-13   2.413972e-04   1.031848e-14   480
  4.004761e-01   2.311873e-13   0.000000e+00   2.667937e-14   72
  4.011493e-01   2.279306e-13   2.353842e-04   1.991971e-14   240
  4.020650e-01   1.838861e-13   2.212289e-04   1.043222e-14   312
  4.031147e-01   1.649992e-13   2.390954e-04   1.094618e-14   240
  4.047009e-01   2.038690e-13   1.816506e-04   1.135587e-14   408
  4.053288e-01   1.874158e-13   1.663482e-04   1.132742e-14   336
  4.065560e-01   1.967968e-13   2.112212e-04   1.563012e-14   264
  4.071591e-01   1.778783e-13   0.000000e+00   1.498673e-14   144
  4.088370e-01   1.903470e-13   2.927651e-04   1.111895e-14   464
  4.097211e-01   1.452475e-13   2.328083e-04   1.082998e-14   168
  4.105939e-01   2.011076e-13   2.120376e-04   1.295311e-14   336
  4.121713e-01   1.889780e-13   2.227870e-04   1.205615e-14   414
  4.130606e-01   2.590334e-13   2.319080e-04   2.173199e-14   216
  4.141998e-01   2.985724e-13   7.947286e-09   3.269857e-14   96
  4.146649e-01   1.812700e-13   1.685874e-08   1.172782e-14   384
  4.162944e-01   1.953006e-13   2.314600e-04   1.019853e-14   492
  4.171676e-01   1.814955e-13   2.263480e-04   1.188188e-14   240
  4.181546e-01   1.600966e-13   2.298225e-04   9.462601e-15   312
  4.195176e-01   1.307017e-13   2.297469e-04   9.802071e-15   192
  4.203810e-01   1.821085e-13   2.226525e-04   9.799702e-15   504
  4.215265e-01   1.797604e-13   1.473998e-04   1.253913e-14   408
  4.224284e-01   1.727791e-13   4.515774e-04   1.457753e-14   168
  4.235571e-01   1.913074e-13   2.145032e-04   1.325683e-14   288
  4.245041e-01   1.557617e-13   2.238525e-04   1.111895e-14   288
  4.254743e-01   1.452737e-13   2.251410e-04   8.000072e-15   432
  4.268815e-01   1.780489e-13   2.129084e-04   1.241898e-14   216
  4.276334e-01   1.549595e-13   2.124592e-04   9.387385e-15   360
  4.289721e-01   1.758684e-13   2.073582e-04   1.141332e-14   312
  4.301803e-01   2.258563e-13   0.000000e+00   3.623347e-14   48
  4.308767e-01   1.535792e-13   2.223178e-04   8.536216e-15   432
  4.321240e-01   1.407160e-13   3.708284e-04   8.004118e-15   414
  4.328606e-01   1.562168e-13   1.894136e-08   1.103709e-14   312
  4.342347e-01   1.679211e-13   3.253813e-04   1.026593e-14   528
  4.351620e-01   1.793944e-13   1.707976e-04   1.626498e-14   264
  4.362761e-01   1.620062e-13   2.025191e-04   1.038159e-14   480
  4.377318e-01   1.552904e-13   0.000000e+00   1.004706e-14   288
  4.383604e-01   1.590645e-13   2.176005e-04   1.499870e-14   168
  4.395105e-01   1.688736e-13   3.444610e-04   8.779613e-15   504
  4.408036e-01   2.257712e-13   7.492773e-09   2.090469e-14   144
  4.416171e-01   1.279759e-13   2.212265e-04   6.517546e-15   464
  4.428396e-01   1.225462e-13   3.246624e-04   6.869685e-15   432
  4.434197e-01   1.645193e-13   0.000000e+00   1.306711e-14   192
  4.449189e-01   1.262055e-13   2.406833e-04   6.687189e-15   396
  4.458042e-01   1.291077e-13   2.162000e-04   8.522534e-15   288
  4.466990e-01   1.283245e-13   2.135686e-04   8.344438e-15   336
  4.481283e-01   1.267669e-13   1.352359e-04   7.192843e-15   432
  4.490354e-01   1.422098e-13   3.505126e-04   8.931409e-15   360
  4.500539e-01   1.316010e-13   2.073334e-04   6.603990e-15   384
  4.515004e-01   1.151241e-13   1.830116e-04   9.146164e-15   198
  4.521974e-01   1.353176e-13   2.080246e-04   7.367535e-15   552
  4.534970e-01   1.431653e-13   2.912202e-04   1.177549e-14   432
  4.545821e-01   1.432149e-13   0.000000e+00   1.229776e-14   168
  4.554927e-01   1.557215e-13   3.610065e-04   9.620015e-15   480
  4.566974e-01   9.604908e-14   0.000000e+00   9.493840e-15   120
  4.572396e-01   1.345378e-13   2.948545e-04   1.009415e-14   336
  4.585628e-01   1.282487e-13   2.080152e-04   6.329138e-15   672
  4.598711e-01   1.436411e-13   3.025866e-04   7.311845e-15   528
  4.604805e-01   9.389956e-14   9.082613e-09   6.613142e-15   168
  4.618883e-01   1.323340e-13   3.375333e-04   7.447164e-15   456
  4.627474e-01   1.669129e-13   2.061344e-04   2.301140e-14   168
  4.636392e-01   1.296590e-13   2.057643e-04   7.810552e-15   504
  4.651216e-01   1.005056e-13   2.647872e-04   7.685603e-15   336
  4.660180e-01   1.402986e-13   1.908802e-04   9.279107e-15   312
  4.670124e-01   1.270066e-13   1.865029e-04   7.826449e-15   504
  4.683210e-01   1.105627e-13   1.294009e-04   5.406549e-15   432
  4.689362e-01   9.507193e-14   1.999672e-04   5.326795e-15   312
  4.702151e-01   1.034001e-13   2.049761e-04   5.726261e-15   384
  4.715504e-01   1.435602e-13   1.741510e-04   1.983924e-14   126
  4.723748e-01   1.186250e-13   3.057676e-04   6.902834e-15   492
  4.734278e-01   1.307870e-13   1.958445e-04   7.846719e-15   528
  4.747438e-01   1.109200e-13   1.989360e-04   6.835080e-15   480
  4.755596e-01   1.365946e-13   2.748289e-04   8.993965e-15   432
  4.767402e-01   1.263156e-13   2.161166e-04   8.152989e-15   440
  4.781114e-01   1.275493e-13   1.074739e-04   8.704168e-15   312
  4.786259e-01   1.111164e-13   1.610586e-04   9.358739e-15   480
  4.796813e-01   1.137320e-13   3.153497e-04   8.212506e-15   408
  4.812233e-01   1.301053e-13   1.888588e-04   8.563175e-15   360
  4.818747e-01   1.060267e-13   1.822418e-04   7.038129e-15   408
  4.830820e-01   8.728699e-14   1.854542e-04   5.355968e-15   456
  4.844414e-01   1.129089e-13   1.772485e-04   7.285870e-15   264
  4.851959e-01   1.083330e-13   1.923591e-04   7.706510e-15   384
  4.862943e-01   1.016913e-13   3.238501e-04   5.341489e-15   672
  4.875640e-01   1.230809e-13   1.937042e-04   1.196265e-14   240
  4.882967e-01   9.261379e-14   1.965613e-04   5.575249e-15   264
  4.893308e-01   6.956068e-14   2.424259e-04   3.556608e-15   624
  4.908739e-01   8.520786e-14   0.000000e+00   9.736779e-15   150
  4.914232e-01   1.256502e-13   2.716574e-04   7.375745e-15   600
  4.925819e-01   9.895545e-14   1.874909e-04   5.318465e-15   672
  4.938939e-01   9.430342e-14   1.763484e-04   8.353191e-15   336
  4.946248e-01   1.280423e-13   1.918157e-04   9.093669e-15   408
  4.957926e-01   1.058061e-13   1.913639e-04   8.563012e-15   408
  4.970915e-01   9.516821e-14   9.676385e-05   6.108230e-15   360
  4.978921e-01   1.102453e-13   3.552857e-04   7.645348e-15   456
  4.988592e-01   9.510569e-14   1.932065e-04   6.724223e-15   384
  5.000902e-01   8.017120e-14   1.783541e-04   4.442988e-15   348
  5.007554e-01   1.090679e-13   2.198754e-04   6.532825e-15   576
  5.020050e-01   8.613811e-14   1.810385e-04   4.686329e-15   504
  5.032833e-01   8.992479e-14   2.553443e-04   5.792590e-15   432
  5.043991e-01   8.099784e-14   3.473946e-04   3.838178e-15   576
  5.051948e-01   8.186045e-14   0.000000e+00   7.251092e-15   264
  5.064571e-01   8.620170e-14   2.764393e-04   3.969107e-15   768
  5.075549e-01   6.669604e-14   3.721752e-04   4.682260e-15   240
  5.084277e-01   7.925309e-14   3.282233e-04   8.860448e-15   192
  5.096990e-01   7.321185e-14   2.416124e-04   3.593626e-15   504
  5.106418e-01   9.259007e-14   3.255818e-04   7.041932e-15   590
  5.115460e-01   9.561997e-14   3.647966e-04   7.519908e-15   384
  5.126798e-01   8.439811e-14   3.048625e-04   5.566855e-15   504
  5.140486e-01   1.050364e-13   2.933830e-04   6.119525e-15   648
  5.153764e-01   7.854152e-14   7.967896e-05   5.352907e-15   504
  5.159117e-01   8.020642e-14   1.817627e-04   5.306594e-15   312
  5.168569e-01   9.035517e-14   2.618753e-04   5.261900e-15   576
  5.181545e-01   9.889100e-14   1.822405e-04   9.993787e-15   240
  5.189109e-01   7.113583e-14   1.841453e-04   3.905300e-15   552
  5.199816e-01   9.748967e-14   1.729082e-04   6.799713e-15   600
  5.215067e-01   8.065004e-14   2.111937e-04   4.758327e-15   600
  5.224237e-01   7.669644e-14   3.382099e-04   5.396864e-15   312
  5.233368e-01   9.077353e-14   2.945474e-04   5.578902e-15   480
  5.244775e-01   7.638253e-14   1.837693e-04   5.154637e-15   576
  5.254818e-01   9.940387e-14   2.959085e-04   7.965164e-15   408
  5.263729e-01   4.299143e-14   3.451909e-04   2.775595e-15   216
  5.275243e-01   6.793271e-14   2.643774e-04   4.133736e-15   516
  5.287578e-01   7.612112e-14   2.522429e-04   3.763401e-15   744
  5.300304e-01   7.948176e-14   1.684760e-04   4.898226e-15   462
  5.307494e-01   7.783339e-14   1.712315e-04   6.500312e-15   432
  5.318647e-01   9.055603e-14   1.588547e-04   5.016038e-15   648
  5.331761e-01   8.395944e-14   2.324340e-04   6.192084e-15   528
  5.342295e-01   7.345085e-14   2.799086e-04   4.162380e-15   600
  5.352820e-01   1.181160e-13   3.528915e-04   1.538586e-14   240
  5.363014e-01   7.085592e-14   2.703115e-04   4.154582e-15   720
  5.374863e-01   7.594921e-14   2.138653e-04   3.979776e-15   720
  5.387997e-01   3.491619e-14   0.000000e+00   2.753004e-15   144
  5.394909e-01   7.598211e-14   2.757364e-04   3.988477e-15   720
  5.404742e-01   8.314395e-14   1.653370e-04   5.402573e-15   384
  5.417051e-01   6.491745e-14   1.832848e-04   3.356131e-15   672
  5.428730e-01   8.825260e-14   3.209115e-04   7.668378e-15   336
  5.434308e-01   8.396391e-14   0.000000e+00   7.879796e-15   288
  5.447967e-01   6.084835e-14   2.539800e-04   3.071569e-15   776
  5.460612e-01   6.083765e-14   2.173184e-04   2.858698e-15   720
  5.471231e-01   5.496174e-14   1.750659e-04   3.492910e-15   432
  5.479725e-01   7.743473e-14   2.495786e-04   6.863585e-15   504
  5.489174e-01   5.980195e-14   1.748652e-04   3.804074e-15   528
  5.502396e-01   6.846583e-14   2.382437e-04   5.347096e-15   438
  5.513273e-01   7.477239e-14   2.772938e-04   5.498801e-15   624
  5.521470e-01   7.751244e-14   3.396475e-04   6.593271e-15   312
  5.532738e-01   8.488917e-14   1.829935e-04   4.383421e-15   696
  5.544390e-01   7.060455e-14   1.655760e-04   5.007628e-15   552
  5.556509e-01   6.388092e-14   1.281006e-04   4.290481e-15   516
  5.564006e-01   8.013115e-14   2.558713e-04   5.825112e-15   528
  5.573133e-01   4.066486e-14   1.664001e-04   2.173782e-15   528
  5.586097e-01   6.834214e-14   2.194479e-04   4.067164e-15   864
  5.594897e-01   6.504787e-14   3.005985e-04   5.007508e-15   408
  5.603706e-01   8.514941e-14   2.978186e-04   6.357879e-15   192
  5.616191e-01   5.519908e-14   2.464592e-04   3.188340e-15   720
  5.626731e-01   5.242671e-14   2.272475e-04   2.930962e-15   696
  5.639255e-01   5.923094e-14   2.454294e-04   3.033868e-15   720
  5.650713e-01   5.752564e-14   3.326501e-04   3.724141e-15   432
  5.657395e-01   4.446621e-14   1.958109e-04   3.554236e-15   264
  5.669418e-01   5.588919e-14   2.704061e-04   2.894357e-15   672
  5.680171e-01   6.117936e-14   2.768544e-04   3.558814e-15   600
  5.692933e-01   3.825264e-14   1.620980e-04   3.431455e-15   270
  5.699366e-01   6.189506e-14   2.440026e-04   4.963999e-15   528
  5.709591e-01   6.836013e-14   1.670843e-04   3.491308e-15   840
  5.723613e-01   7.332646e-14   3.194952e-04   4.045297e-15   888
  5.736568e-01   5.236809e-14   2.380474e-04   2.933590e-15   744
  5.747517e-01   6.539964e-14   1.223216e-04   4.298120e-15   456
  5.752963e-01   8.657394e-14   1.671601e-04   5.589744e-15   360
  5.762282e-01   5.259273e-14   1.448348e-04   5.153744e-15   384
  5.776580e-01   5.646393e-14   2.323137e-04   2.763708e-15   816
  5.787308e-01   5.866096e-14   3.370546e-04   2.965024e-15   824
  5.800348e-01   5.229842e-14   1.566791e-04   4.784580e-15   360
  5.807331e-01   6.504934e-14   2.311994e-04   3.423382e-15   624
  5.816941e-01   6.050018e-14   1.562320e-04   4.726823e-15   360
  5.829744e-01   5.232917e-14   2.125215e-04   2.870030e-15   876
  5.841306e-01   4.851427e-14   2.524119e-04   2.889494e-15   696
  5.852967e-01   4.466026e-14   1.629911e-04   3.357332e-15   336
  5.859080e-01   6.447183e-14   1.628079e-04   5.400390e-15   504
  5.869176e-01   5.044368e-14   1.642187e-04   3.675143e-15   672
  5.884155e-01   4.156764e-14   3.269213e-04   2.182226e-15   720
  5.894543e-01   5.398623e-14   2.469541e-04   3.456554e-15   774
  5.906010e-01   8.414922e-14   1.413501e-04   8.459082e-15   384
  5.912015e-01   7.051241e-14   2.720183e-04   5.393866e-15   528
  5.921335e-01   5.841456e-14   2.592486e-04   3.375393e-15   744
  5.936327e-01   6.710913e-14   2.138251e-04   3.917467e-15   768
  5.946281e-01   5.955699e-14   2.400348e-04   5.039885e-15   552
  5.958700e-01   4.738312e-14   2.616108e-04   2.768162e-15   696
  5.967938e-01   6.896886e-14   3.179026e-04   5.483548e-15   408
  5.975272e-01   6.025181e-14   1.373364e-04   4.073789e-15   504
  5.986899e-01   4.941952e-14   2.467198e-04   2.827156e-15   888
  5.998339e-01   4.548032e-14   2.564132e-04   3.249140e-15   648
  6.010230e-01   4.523996e-14   2.542153e-04   2.745958e-15   648
  6.021418e-01   4.710246e-14   2.741064e-04   2.793687e-15   792
  6.033268e-01   4.148551e-14   4.010364e-04   2.637570e-15   600
  6.042000e-01   3.361936e-14   2.717856e-04   2.032556e-15   456
  6.051191e-01   4.803347e-14   1.324567e-04   2.947726e-15   648
  6.062996e-01   4.048075e-14   2.583099e-04   2.020912e-15   936
  6.075741e-01   5.588989e-14   1.586356e-04   3.586930e-15   384
  6.086836e-01   1.579008e-16   1.334798e-08   1.204680e-17   198
  6.095398e-01   1.605475e-16   4.024720e-04   5.192374e-18   1224
  6.104634e-01   1.510488e-16   2.931235e-04   8.000363e-18   420
  6.115558e-01   1.490237e-16   2.836822e-04   6.063065e-18   792
  6.126238e-01   1.536125e-16   2.345810e-04   6.112610e-18   680
  6.138428e-01   1.557270e-16   2.154033e-04   7.257565e-18   600
  6.148235e-01   1.526792e-16   3.123938e-04   5.344696e-18   840
  6.161330e-01   1.745012e-16   1.474979e-04   9.047923e-18   432
  6.166334e-01   1.487302e-16   1.382249e-04   6.003421e-18   720
  6.177213e-01   1.546275e-16   2.768404e-04   5.248707e-18   960
  6.190745e-01   1.616075e-16   2.467829e-04   8.145021e-18   528
  6.200634e-01   1.391445e-16   2.522592e-04   5.607179e-18   624
  6.212404e-01   1.525366e-16   1.982740e-04   5.733692e-18   816
  6.224086e-01   1.281839e-16   3.260658e-04   4.877795e-18   696
  6.236996e-01   1.552161e-16   2.202416e-08   1.031524e-17   240
  6.241851e-01   1.559114e-16   1.922888e-04   6.210570e-18   672
  6.252686e-01   1.332636e-16   3.436476e-04   4.593265e-18   864
  6.264840e-01   1.434053e-16   2.636938e-04   5.309201e-18   816
  6.275795e-01   1.357925e-16   1.509292e-04   5.686577e-18   648
  6.287594e-01   1.420741e-16   1.542771e-04   4.751527e-18   843
  6.297611e-01   1.275313e-16   2.775825e-04   5.237273e-18   780
  6.309548e-01   1.329768e-16   1.489456e-04   8.556811e-18   216
  6.316911e-01   1.274632e-16   3.591661e-04   3.886329e-18   1056
  6.328235e-01   1.575016e-16   2.938382e-04   9.704990e-18   228
  6.338720e-01   1.313280e-16   3.658358e-04   4.512506e-18   924
  6.349484e-01   1.292684e-16   1.357046e-04   4.580081e-18   696
  6.360882e-01   1.182573e-16   2.415153e-04   3.942406e-18   996
  6.372543e-01   1.267830e-16   1.425858e-04   5.372877e-18   576
  6.384675e-01   1.277893e-16   2.200718e-04   5.922484e-18   552
  6.393519e-01   1.355239e-16   2.627580e-04   6.278812e-18   516
  6.402494e-01   1.255263e-16   3.821047e-04   4.354356e-18   744
  6.412749e-01   1.362343e-16   1.874451e-04   6.516837e-18   576
  6.421669e-01   1.115729e-16   1.929285e-04   3.761319e-18   792
  6.434346e-01   1.190955e-16   2.205530e-04   4.282618e-18   792
  6.443636e-01   1.208577e-16   2.378641e-04   4.513538e-18   720
  6.456200e-01   1.090028e-16   2.711104e-04   3.982285e-18   656
  6.467974e-01   1.137893e-16   2.960385e-04   4.060695e-18   816
  6.480043e-01   1.113169e-16   1.596190e-04   4.963764e-18   492
  6.486903e-01   1.192297e-16   2.296231e-04   4.850866e-18   552
  6.499778e-01   1.078197e-16   3.992867e-04   4.771177e-18   780
  6.508139e-01   1.115336e-16   2.452771e-04   5.265128e-18   528
  6.517148e-01   1.082046e-16   2.863130e-04   4.377532e-18   600
  6.530425e-01   1.145105e-16   2.379487e-04   3.556799e-18   900
  6.539577e-01   1.109309e-16   1.317325e-04   4.495298e-18   696
  6.552168e-01   1.101790e-16   3.330907e-04   4.062777e-18   696
  6.564349e-01   1.128113e-16   1.351317e-04   4.728437e-18   552
  6.574592e-01   8.769108e-17   1.571457e-04   3.438189e-18   708
  6.585322e-01   1.070439e-16   2.594565e-04   4.090116e-18   876
  6.596487e-01   1.059898e-16   1.377663e-04   8.490180e-18   216
  6.603980e-01   9.899706e-17   3.768094e-04   3.121784e-18   1032
  6.615201e-01   1.008005e-16   4.195357e-04   4.273164e-18   600
  6.626848e-01   9.716143e-17   2.001869e-04   3.729909e-18   600
  6.635732e-01   9.875343e-17   3.535112e-04   4.911612e-18   528
  6.646233e-01   9.742461e-17   1.940622e-04   3.495224e-18   732
  6.657296e-01   8.765447e-17   1.432973e-04   4.319067e-18   336
  6.670031e-01   9.522915e-17   2.042271e-04   3.182178e-18   912
  6.679548e-01   8.672315e-17   2.049821e-04   3.475118e-18   624
  6.689946e-01   9.284935e-17   1.727341e-04   3.571142e-18   768
  6.702082e-01   1.035366e-16   3.116463e-04   4.060979e-18   792
  6.713995e-01   8.857961e-17   1.545014e-04   3.907304e-18   660
  6.722471e-01   8.514522e-17   2.276826e-04   4.192124e-18   504
  6.731238e-01   9.279012e-17   3.719898e-04   4.645114e-18   480
  6.744376e-01   7.039888e-17   3.440421e-04   2.478372e-18   912
  6.754664e-01   1.004133e-16   3.831443e-04   5.684123e-18   432
  6.764380e-01   8.232817e-17   2.275021e-04   3.869118e-18   564
  6.773006e-01   8.823834e-17   2.177508e-04   3.823601e-18   600
  6.785149e-01   9.029733e-17   3.035240e-04   3.305953e-18   876
  6.794272e-01   9.070110e-17   1.364735e-04   5.375279e-18   264
  6.806846e-01   9.039577e-17   2.648123e-04   3.988266e-18   560
  6.816953e-01   7.931291e-17   1.799457e-04   2.667780e-18   840
  6.829222e-01   7.930169e-17   2.774244e-04   2.874824e-18   1008
  6.840568e-01   8.685393e-17   1.241010e-04   4.134622e-18   456
  6.850930e-01   9.209742e-17   1.607553e-04   3.907942e-18   576
  6.860509e-01   8.555317e-17   2.470177e-04   3.665828e-18   612
  6.873140e-01   7.924925e-17   2.206269e-04   3.126899e-18   780
  6.883444e-01   8.181175e-17   2.528284e-04   3.399816e-18   648
  6.893992e-01   9.237022e-17   1.178213e-04   6.351825e-18   312
  6.900734e-01   7.542837e-17   2.993645e-04   3.394265e-18   528
  6.912414e-01   7.195793e-17   3.909551e-04   3.009131e-18   720
  6.923583e-01   7.453817e-17   3.921794e-04   3.799773e-18   576
  6.937124e-01   7.404378e-17   3.383053e-04   3.427594e-18   444
  6.945549e-01   7.848989e-17   3.317685e-04   2.625800e-18   996
  6.955874e-01   6.699341e-17   2.771265e-04   3.686293e-18   432
  6.965633e-01   7.858296e-17   3.033990e-04   3.941611e-18   504
  6.974062e-01   7.620234e-17   1.367883e-04   3.567454e-18   504
  6.986065e-01   8.239225e-17   2.692009e-04   3.395173e-18   876
  6.996926e-01   7.008018e-17   3.098246e-04   3.377506e-18   504
  7.008236e-01   6.337779e-17   1.975899e-04   2.679606e-18   696
  7.017583e-01   8.031684e-17   1.689187e-04   3.921379e-18   492
  7.030300e-01   6.480021e-17   2.418152e-04   3.359387e-18   432
  7.039719e-01   7.299508e-17   2.264335e-04   2.760794e-18   768
  7.050885e-01   6.535972e-17   2.820533e-04   3.266326e-18   648
  7.061547e-01   6.008837e-17   1.840095e-04   2.975592e-18   456
  7.073798e-01   6.247681e-17   2.530430e-04   2.820784e-18   552
  7.082306e-01   6.434370e-17   1.734358e-04   3.224036e-18   648
  7.094016e-01   6.065417e-17   2.826907e-04   2.149793e-18   840
  7.105454e-01   7.318437e-17   1.348092e-04   3.847936e-18   432
  7.116906e-01   6.051595e-17   1.651183e-04   2.796210e-18   600
  7.124870e-01   6.980725e-17   1.759227e-04   4.006852e-18   432
  7.138248e-01   6.376872e-17   1.751482e-04   3.020353e-18   560
  7.147308e-01   6.086179e-17   2.772412e-04   2.450848e-18   840
  7.158652e-01   6.979026e-17   1.642140e-04   3.552221e-18   504
  7.167662e-01   5.682475e-17   3.351509e-04   2.521841e-18   696
  7.180362e-01   6.832276e-17   1.830475e-04   3.768533e-18   384
  7.190254e-01   5.349146e-17   2.681431e-04   2.546382e-18   576
  7.202219e-01   5.590358e-17   1.654845e-04   3.678543e-18   360
  7.211864e-01   5.661793e-17   2.464465e-04   2.510347e-18   828
  7.222268e-01   5.481803e-17   2.195064e-04   2.830144e-18   372
  7.231800e-01   5.890215e-17   3.352284e-04   2.764545e-18   576
  7.244428e-01   6.051552e-17   1.403933e-04   2.631858e-18   636
  7.253425e-01   5.450037e-17   2.706420e-04   2.417366e-18   648
  7.265596e-01   5.726760e-17   2.200024e-04   2.746960e-18   576
  7.274333e-01   5.390887e-17   3.548870e-04   2.732865e-18   528
  7.285953e-01   5.253290e-17   1.517289e-04   3.156699e-18   360
  7.295571e-01   4.778147e-17   3.490332e-04   1.959285e-18   672
  7.308130e-01   5.313848e-17   1.787806e-04   2.213618e-18   804
  7.318582e-01   5.839913e-17   1.972163e-04   3.165773e-18   408
  7.330145e-01   4.894500e-17   1.219011e-04   2.511889e-18   384
  7.337931e-01   4.492462e-17   2.789567e-04   2.584692e-18   480
  7.348913e-01   5.003301e-17   1.802469e-04   2.601945e-18   432
  7.359446e-01   5.915874e-17   3.321565e-04   2.521555e-18   648
  7.371913e-01   5.248069e-17   2.061016e-04   2.558018e-18   624
  7.381033e-01   5.199905e-17   1.874668e-04   3.011961e-18   456
  7.393486e-01   4.600600e-17   2.560963e-04   2.686031e-18   588
  7.401831e-01   4.376495e-17   1.633884e-04   2.085176e-18   600
  7.414016e-01   4.487726e-17   2.548458e-04   1.773735e-18   708
  7.423640e-01   4.300949e-17   1.605479e-04   2.445121e-18   360
  7.434275e-01   4.949135e-17   1.845541e-04   2.558483e-18   552
  7.444470e-01   4.474908e-17   1.294691e-04   3.558247e-18   288
  7.454820e-01   4.025711e-17   2.434372e-04   1.882329e-18   528
  7.464545e-01   4.315874e-17   1.642340e-04   2.053763e-18   456
  7.475410e-01   4.676682e-17   2.912225e-04   2.251715e-18   608
  7.486338e-01   3.824014e-17   1.408967e-04   1.807604e-18   504
  7.498278e-01   3.512764e-17   3.024972e-04   1.879915e-18   540
  7.507642e-01   4.994059e-17   3.247222e-04   3.164117e-18   360
  7.517735e-01   5.084407e-17   1.470509e-04   2.373803e-18   540
  7.526661e-01   4.290877e-17   1.262606e-04   2.129803e-18   576
  7.539642e-01   4.112234e-17   2.927555e-04   1.858826e-18   588
  7.551985e-01   4.261251e-17   4.039143e-04   2.024326e-18   672
  7.562588e-01   4.666756e-17   3.087151e-04   2.278942e-18   552
  7.571135e-01   3.038626e-17   3.088712e-04   2.551120e-18   144
  7.582042e-01   4.321352e-17   2.624178e-04   2.051391e-18   600
  7.592383e-01   3.553321e-17   3.288668e-04   1.940294e-18   504
  7.603860e-01   3.998675e-17   3.378126e-04   2.954234e-18   336
  7.615932e-01   3.849481e-17   3.797028e-04   1.705218e-18   600
  7.626744e-01   3.606773e-17   2.450478e-04   1.802170e-18   636
  7.638413e-01   4.144619e-17   1.970206e-04   3.214115e-18   384
  7.646595e-01   4.082440e-17   2.748205e-04   2.560135e-18   504
  7.658387e-01   3.687938e-17   1.153383e-04   2.581186e-18   240
  7.667694e-01   3.920158e-17   2.709461e-04   1.561578e-18   744
  7.678860e-01   3.386857e-17   1.850150e-04   1.631102e-18   648
  7.688783e-01   5.937204e-17   1.228185e-04   5.077710e-18   120
  7.700414e-01   3.262691e-17   1.929319e-04   1.446013e-18   564
  7.709202e-01   4.273835e-17   3.030111e-04   2.340026e-18   432
  7.720932e-01   3.217506e-17   2.351965e-04   2.161660e-18   480
  7.729764e-01   2.650872e-17   1.731106e-04   1.578361e-18   456
  7.740189e-01   3.443069e-17   2.864725e-04   2.030134e-18   444
  7.752020e-01   3.201710e-17   4.383180e-04   1.760973e-18   528
  7.762412e-01   3.680884e-17   3.255297e-04   3.173374e-18   264
  7.772498e-01   3.165626e-17   3.336195e-04   1.763565e-18   444
  7.786065e-01   3.398637e-17   3.654311e-04   1.505347e-18   696
  7.797327e-01   3.520795e-17   1.954448e-04   2.129042e-18   384
  7.805563e-01   3.263414e-17   2.469609e-04   1.770340e-18   432
  7.818373e-01   4.155925e-17   1.706384e-04   2.651651e-18   488
  7.826690e-01   3.730076e-17   2.571733e-04   1.797411e-18   480
  7.838749e-01   3.106850e-17   2.868014e-04   1.934938e-18   480
  7.848089e-01   2.767071e-17   1.203331e-04   1.741551e-18   240
  7.858692e-01   3.304456e-17   2.810886e-04   1.677706e-18   600
  7.868694e-01   2.726153e-17   2.449399e-04   1.850833e-18   288
  7.879343e-01   3.166172e-17   2.356143e-04   1.882920e-18   480
  7.890129e-01   2.517795e-17   4.191157e-04   1.482700e-18   504
  7.900748e-01   3.590260e-17   1.798267e-04   2.472190e-18   216
  7.914291e-01   3.233190e-17   2.944050e-04   2.004165e-18   504
  7.924838e-01   2.705366e-17   2.367912e-04   1.625495e-18   456
  7.936384e-01   4.003596e-17   1.358038e-04   2.557422e-18   384
  7.944031e-01   3.859245e-17   2.756326e-04   2.321950e-18   480
  7.954897e-01   2.513372e-17   2.420363e-04   1.569840e-18   504
  7.964966e-01   3.118734e-17   1.535327e-04   2.115407e-18   312
  7.975815e-01   3.021234e-17   2.474127e-04   1.846555e-18   492
  7.985417e-01   3.302298e-17   2.318919e-04   2.062555e-18   312
  7.997779e-01   2.557226e-17   3.766899e-04   1.199659e-18   576
  8.008661e-01   3.400008e-17   3.477153e-04   2.714659e-18   336
  8.017699e-01   1.909700e-17   2.677247e-04   1.440026e-18   240
  8.030228e-01   2.713489e-17   3.549351e-04   1.561394e-18   468
  8.041047e-01   2.588459e-17   2.222407e-04   2.597028e-18   192
  8.052370e-01   2.143368e-17   2.229031e-04   1.548724e-18   324
  8.060669e-01   2.579472e-17   1.617794e-04   1.419487e-18   600
  8.071978e-01   2.635425e-17   2.624704e-04   1.508592e-18   456
  8.080377e-01   2.875291e-17   1.180592e-04   2.039941e-18   336
  8.094297e-01   2.788233e-17   3.535027e-04   1.544506e-18   612
  8.104424e-01   1.864313e-17   2.966749e-04   2.987723e-18   144
  8.114002e-01   2.882624e-17   3.462957e-04   1.621081e-18   552
  8.127025e-01   1.651866e-17   1.363755e-04   1.000498e-18   264
  8.134384e-01   2.316584e-17   3.157441e-04   1.758735e-18   336
  8.145992e-01   2.062956e-17   2.086329e-04   1.202078e-18   384
  8.156059e-01   2.199914e-17   1.174397e-04   1.976204e-18   216
  8.167203e-01   1.805765e-17   2.489964e-04   1.254219e-18   344
  8.177364e-01   1.749175e-17   3.715143e-04   1.122747e-18   408
  8.189746e-01   2.196720e-17   2.854845e-04   2.105081e-18   264
  8.200718e-01   2.181574e-17   3.979796e-04   1.195069e-18   612
  8.211681e-01   2.761626e-17   2.048307e-04   1.835402e-18   408
  8.222956e-01   2.084367e-17   2.051251e-04   1.623799e-18   444
  8.231239e-01   3.806402e-17   1.147249e-04   3.378510e-18   120
  8.242338e-01   2.422425e-17   3.169640e-04   1.888688e-18   336
  8.250576e-01   1.921824e-17   1.101437e-04   1.446421e-18   288
  8.261708e-01   2.043599e-17   3.427692e-04   1.122478e-18   552
  8.277012e-01   2.524575e-17   1.835347e-08   3.543702e-18   72
  8.284882e-01   1.982130e-17   3.404572e-04   1.153950e-18   504
  8.294074e-01   1.152188e-17   1.095558e-04   1.081161e-18   216
  8.305983e-01   1.690577e-17   1.956043e-04   1.284171e-18   312
  8.316675e-01   1.342685e-17   2.227263e-04   9.277847e-19   336
  8.326865e-01   1.524308e-17   3.087236e-04   1.310354e-18   204
  8.337014e-01   2.911845e-17   3.587838e-04   2.077633e-18   504
  8.347777e-01   2.597974e-17   3.416652e-04   1.673998e-18   396
  8.358127e-01   1.916418e-17   3.133249e-04   1.500033e-18   312
  8.370674e-01   2.914073e-17   1.914750e-04   2.720572e-18   216
  8.379516e-01   1.821928e-17   1.039172e-04   1.949934e-18   168
  8.390260e-01   1.879094e-17   2.623966e-04   1.119188e-18   588
  8.402521e-01   1.324300e-17   3.561727e-04   1.318598e-18   240
  8.412047e-01   1.356811e-17   3.145601e-04   1.304452e-18   264
  8.423219e-01   1.701041e-17   3.890183e-04   1.519088e-18   288
  8.433131e-01   1.850779e-17   1.942596e-04   1.620446e-18   288
  8.445693e-01   1.337477e-17   1.824406e-04   1.116056e-18   288
  8.454153e-01   1.513998e-17   2.113423e-04   1.233968e-18   192
  8.464795e-01   1.102200e-17   2.248894e-04   9.478635e-19   264
  8.474933e-01   2.781267e-17   3.699119e-04   1.995537e-18   372
  8.485844e-01   2.761479e-17   3.995208e-04   2.597681e-18   360
  8.499161e-01   2.431704e-17   1.690810e-04   3.380197e-18   144
  8.506044e-01   1.337869e-17   2.348461e-04   1.384773e-18   296
  8.516909e-01   1.524393e-17   2.530345e-04   1.475781e-18   288
  8.529347e-01   1.613964e-17   3.781537e-04   1.086550e-18   480
  8.540076e-01   1.461742e-17   3.142096e-04   2.586995e-18   192
  8.550509e-01   1.889121e-17   3.370327e-04   1.695826e-18   192
  8.559992e-01   1.293241e-17   2.147949e-04   1.160240e-18   288
  8.573180e-01   6.530841e-18   1.869760e-04   8.079216e-19   108
  8.579823e-01   1.381955e-17   1.797545e-04   1.350816e-18   240
  8.591554e-01   1.073084e-17   3.353363e-04   1.001898e-18   384
  8.603605e-01   1.599988e-17   4.090723e-04   1.746876e-18   108
  8.614261e-01   2.032672e-17   2.398466e-04   1.546635e-18   348
  8.625466e-01   1.250508e-17   2.503134e-04   1.571814e-18   312
  8.635474e-01   1.364505e-17   2.432319e-04   3.032192e-18   96
  8.644677e-01   1.360182e-17   3.238194e-04   1.107092e-18   384
  8.654984e-01   1.453034e-17   2.227222e-04   1.348642e-18   144
  8.665066e-01   1.473204e-17   3.422225e-04   1.179465e-18   408
  8.677598e-01   7.507030e-18   1.526554e-04   1.176987e-18   144
  8.689437e-01   1.402868e-17   2.934816e-04   1.654294e-18   192
  8.696459e-01   1.661007e-17   3.303190e-04   1.801272e-18   144
  8.707904e-01   8.823592e-18   2.685615e-04   8.960442e-19   144
  8.718702e-01   1.421430e-17   3.282257e-04   1.388719e-18   336
  8.731927e-01   6.677994e-18   2.428454e-04   5.051605e-19   240
  8.740312e-01   9.925783e-18   1.102739e-04   1.402517e-18   96
  8.752007e-01   1.543490e-17   3.233803e-04   1.364419e-18   372
  8.763838e-01   1.132782e-17   3.846540e-04   1.988054e-18   132
  8.774230e-01   7.492077e-18   2.380193e-04   5.782898e-19   264
  8.783527e-01   1.942857e-17   1.827880e-04   2.496846e-18   168
  8.793449e-01   1.267556e-17   2.922429e-04   1.085810e-18   216
  8.802213e-01   9.252067e-18   1.787978e-04   1.224887e-18   216
  8.814979e-01   4.413982e-18   3.280196e-04   4.723682e-19   96
  8.826561e-01   1.471757e-17   2.140028e-04   1.934236e-18   120
  8.837183e-01   9.034529e-18   2.720578e-04   1.014443e-18   216
  8.845934e-01   7.182401e-18   1.188902e-04   7.568164e-19   200
  8.857519e-01   1.067217e-17   3.077557e-04   1.513083e-18   288
  8.872378e-01   3.177658e-18   8.097649e-05   2.479144e-19   144
  8.878635e-01   1.094641e-17   2.519939e-04   1.911647e-18   168
  8.891412e-01   1.046360e-17   2.835956e-04   1.745311e-18   159
  8.901386e-01   6.601987e-18   2.975600e-04   5.630738e-19   174
  8.911039e-01   5.828483e-18   2.698170e-04   5.603904e-19   144
  8.923678e-01   1.033367e-17   1.557998e-04   1.019201e-18   222
  8.932131e-01   7.071914e-18   1.572158e-04   8.643122e-19   168
  8.946732e-01   1.081622e-17   3.448346e-04   2.720331e-18   30
  8.952763e-01   2.493758e-18   3.044637e-04   3.364605e-19   72
  8.964123e-01   6.947057e-18   2.717302e-04   8.017193e-19   258
  8.976612e-01   5.713663e-18   1.701916e-04   4.946285e-19   264
  8.982857e-01   7.390858e-18   0.000000e+00   1.246541e-18   72
  8.995871e-01   3.748900e-18   3.373270e-04   4.516048e-19   174
  9.007654e-01   7.655698e-18   3.591909e-04   1.131060e-18   168
  9.017127e-01   1.789971e-18   1.123916e-08   2.488753e-19   48
  9.027297e-01   3.996396e-18   2.028435e-04   5.498097e-19   150
  9.039088e-01   9.204103e-18   3.731453e-04   8.530768e-19   168
  9.050911e-01   4.151635e-18   2.273028e-04   4.520501e-19   144
  9.061784e-01   7.481571e-18   2.123525e-04   1.455434e-18   102
  9.069882e-01   2.047807e-18   3.143182e-04   1.792133e-19   96
  9.082731e-01   1.556877e-18   3.119397e-04   1.252769e-19   120
  9.092246e-01   1.545559e-18   3.345635e-04   1.247326e-19   168
  9.102538e-01   7.800781e-18   2.470487e-04   7.796339e-19   126
  9.111308e-01   4.663873e-18   1.863241e-04   6.960940e-19   168
  9.123389e-01   2.382740e-18   2.987709e-04   3.327923e-19   72
  9.133947e-01   2.338435e-18   3.741278e-04   2.034279e-19   168
  9.143196e-01   6.455839e-18   1.025668e-04   1.462090e-18   78
  9.155870e-01   2.196735e-18   1.684070e-04   2.871392e-19   60
  9.166075e-01   8.525492e-18   2.731835e-04   1.610743e-18   96
  9.176659e-01   2.910602e-18   3.314854e-04   2.384414e-19   168
  9.186605e-01   2.562060e-18   2.097511e-04   4.905322e-19   86
  9.197042e-01   1.805570e-18   1.874678e-04   2.350142e-19   120
  9.212002e-01   1.984994e-18   1.336894e-04   1.876233e-19   168
  9.220069e-01   1.122900e-18   0.000000e+00   1.166267e-19   48
  9.230934e-01   4.931585e-18   2.435676e-04   5.582745e-19   120
  9.237177e-01   3.158887e-18   1.776924e-04   4.631883e-19   126
  9.252418e-01   2.620593e-18   3.125113e-04   3.209780e-19   96
  9.262310e-01   2.473004e-18   9.011285e-05   2.422368e-19   96
  9.270111e-01   1.647047e-18   0.000000e+00   1.826362e-19   72
  9.286731e-01   1.992372e-18   1.123916e-08   3.739390e-19   24
  9.297104e-01   2.832678e-18   1.854501e-04   2.693038e-19   120
  9.305196e-01   2.404734e-18   2.705147e-04   3.414236e-19   126
  9.314194e-01   1.602507e-18   2.255107e-04   1.945774e-19   96
  9.324708e-01   9.741688e-19   3.897482e-04   1.080293e-19   72
  9.336415e-01   1.614362e-18   1.685792e-04   1.387061e-19   144
  9.346046e-01   1.537743e-18   9.723254e-05   2.061614e-19   72
  9.355666e-01   2.657689e-18   1.942081e-04   5.701625e-19   54
  9.364132e-01   2.536203e-18   1.711436e-04   2.939415e-19   108
  9.381728e-01   2.803266e-18   1.677650e-04   3.147544e-19   72
  9.387206e-01   1.942105e-18   9.680617e-05   2.083005e-19   72
  9.400202e-01   1.057397e-18   1.946680e-08   1.414103e-19   24
  9.412498e-01   6.085659e-19   2.047976e-04   1.050622e-19   48
  9.419964e-01   1.965999e-18   1.560029e-04   2.742872e-19   102
  9.431203e-01   1.281408e-18   3.528137e-04   1.141364e-19   168
  9.445889e-01   9.420508e-19   1.924163e-04   1.220074e-19   72
  9.451330e-01   1.106411e-18   0.000000e+00   1.615208e-19   48
  9.462744e-01   1.453964e-18   3.309678e-04   1.640683e-19   120
  9.477807e-01   1.313775e-18   2.033864e-04   1.174806e-19   96
  9.492033e-01   3.712959e-18   2.202416e-08   1.311782e-18   30
  9.508942e-01   1.895243e-18   9.555995e-05   2.760155e-19   72
  9.516372e-01   1.072039e-18   1.123916e-08   2.218999e-19   24
  9.525916e-01   5.102460e-19   1.416435e-04   8.020013e-20   56
  9.536606e-01   5.110273e-19   2.021324e-04   4.800142e-20   96
  9.549399e-01   1.048342e-18   2.232036e-04   1.006320e-19   144
  9.559263e-01   1.627859e-18   1.267263e-04   3.606459e-19   54
  9.573592e-01   9.698130e-19   1.898493e-04   1.028472e-19   108
  9.588012e-01   2.633006e-18   1.005243e-04   4.866984e-19   48
  9.601739e-01   1.018706e-18   3.785063e-04   1.121046e-19   72
  9.634680e-01   2.041339e-18   2.500803e-04   2.544466e-19   78
  9.643808e-01   4.979034e-19   1.884669e-04   5.523918e-20   72
  9.654462e-01   5.404729e-19   1.882329e-04   6.460202e-20   72
  9.665603e-01   9.496505e-19   4.542266e-04   8.383105e-20   96
  9.674408e-01   6.269861e-19   1.878449e-04   4.362384e-20   72
  9.685029e-01   9.376141e-19   0.000000e+00   1.594466e-19   24
  9.695638e-01   8.770650e-19   3.748416e-04   9.446990e-20   72
  9.719599e-01   1.106482e-18   2.380359e-04   2.010210e-19   30
  9.724755e-01   1.476664e-18   0.000000e+00   3.156035e-19   24
  9.752466e-01   4.238890e-19   1.976584e-04   5.774024e-20   48
  9.761159e-01   5.947901e-19   4.253608e-04   7.281734e-20   120
  9.772870e-01   4.614272e-19   1.859776e-04   5.537766e-20   72
  9.784697e-01   5.971950e-19   1.857528e-04   9.616181e-20   36
  9.792826e-01   6.181871e-19   3.671339e-04   7.190829e-20   78
  9.815513e-01   7.616724e-19   1.963888e-04   7.954935e-20   48
  9.844928e-01   1.109069e-18   0.000000e+00   1.507733e-19   24
  9.865884e-01   2.309790e-19   1.367612e-04   3.229905e-20   56
  9.876436e-01   2.768352e-19   2.104496e-04   2.466515e-20   102
  9.889860e-01   4.285540e-19   1.498555e-08   4.944139e-20   72
  9.897653e-01   4.793225e-19   0.000000e+00   7.125640e-20   24
  9.911277e-01   4.029596e-19   1.944913e-04   5.421283e-20   48
  9.936528e-01   6.115965e-19   0.000000e+00   1.099101e-19   24
  9.967520e-01   4.422078e-19   0.000000e+00   2.039083e-19   6
  9.977185e-01   1.666326e-19   0.000000e+00   2.932969e-20   24
  9.983623e-01   2.409182e-19   1.820511e-04   2.824840e-20   72
  9.995384e-01   2.581052e-19   3.396336e-04   2.521336e-20   84
  1.000805e+00   2.772887e-19   0.000000e+00   6.455624e-20   24
  1.001190e+00   4.015719e-19   0.000000e+00   4.777894e-20   24
  1.003114e+00   3.644373e-19   1.123916e-08   5.985799e-20   24
  1.005800e+00   4.076070e-19   0.000000e+00   1.380017e-19   6
  1.009244e+00   1.686830e-19   1.910001e-04   2.294021e-20   48
  1.010072e+00   2.020872e-19   3.598129e-04   2.014204e-20   72
  1.011152e+00   2.564230e-19   1.906396e-04   3.125230e-20   48
  1.012867e+00   4.116919e-19   0.000000e+00   8.642054e-20   24
  1.015148e+00   6.049421e-19   1.123916e-08   8.063768e-20   6
  1.020262e+00   1.347125e-19   0.000000e+00   4.030178e-20   8
  1.020640e+00   1.835175e-19   1.123916e-08   3.812928e-20   48
  1.021546e+00   1.845904e-19   1.848806e-04   2.286685e-20   60
  1.022904e+00   2.961117e-19   0.000000e+00   4.756960e-20   24
  1.024787e+00   1.472481e-19   0.000000e+00   4.806294e-20   6
  1.031723e+00   1.443477e-19   0.000000e+00   2.457027e-20   24
  1.032283e+00   1.353333e-19   1.867372e-04   1.661456e-20   48
  1.033217e+00   1.163569e-19   0.000000e+00   2.713202e-20   24
  1.034708e+00   6.486492e-20   1.123916e-08   5.726259e-21   6
  1.043181e+00   9.991926e-20   1.742080e-04   1.887496e-20   36
  1.043797e+00   1.363042e-19   0.000000e+00   3.322638e-20   24
  1.044904e+00   1.415088e-19   0.000000e+00   4.721906e-20   6
  1.054545e+00   1.278252e-19   1.583190e-04   1.419564e-20   32
  1.055367e+00   1.054123e-19   1.123916e-08   2.960228e-20   6
  1.065728e+00   1.583278e-19   0.000000e+00   3.577111e-20   12
  1.066089e+00   1.537592e-19   0.000000e+00   2.818452e-20   6
  1.077063e+00   5.949362e-20   1.589457e-08   8.485502e-21   6
