# power spectrum of hij
# redshift z=30.000000
# k              Pk             sigma(k)       sigma(Pk)      count
  1.963495e-02   2.010155e-19   0.000000e+00   6.871949e-20   6
  2.776802e-02   1.150563e-19   0.000000e+00   1.159852e-20   12
  3.400874e-02   1.369536e-19   3.725290e-10   4.193158e-20   8
  3.926991e-02   4.041066e-20   0.000000e+00   1.035703e-21   6
  4.390509e-02   6.201377e-20   0.000000e+00   1.014745e-20   24
  4.809562e-02   3.978913e-20   7.024475e-10   6.845533e-21   24
  5.553604e-02   2.600430e-20   0.000000e+00   5.061873e-21   12
  5.890486e-02   2.151399e-20   7.947286e-10   2.455579e-21   30
  6.209118e-02   1.508236e-20   0.000000e+00   1.611653e-21   24
  6.512178e-02   9.612951e-21   1.216675e-09   1.122656e-21   24
  6.801748e-02   1.145572e-20   7.450581e-10   1.940593e-21   8
  7.079483e-02   1.380445e-20   9.934107e-10   1.424654e-21   24
  7.346727e-02   9.654875e-21   0.000000e+00   7.099620e-22   48
  7.853982e-02   6.845227e-21   0.000000e+00   1.160010e-21   6
  8.095699e-02   6.245395e-21   0.000000e+00   5.655970e-22   48
  8.330406e-02   8.957251e-21   0.000000e+00   8.458263e-22   36
  8.558678e-02   7.358286e-21   9.934107e-10   6.732327e-22   24
  8.781018e-02   4.219667e-21   0.000000e+00   4.941386e-22   24
  8.997866e-02   4.809039e-21   0.000000e+00   5.030830e-22   48
  9.209610e-02   2.306822e-21   1.404895e-09   1.559989e-22   24
  9.619124e-02   3.474027e-21   1.404895e-09   5.092929e-22   24
  9.817477e-02   2.729230e-21   0.000000e+00   3.103111e-22   30
  1.001190e-01   2.951635e-21   0.000000e+00   2.723756e-22   72
  1.020262e-01   2.850670e-21   1.490116e-09   4.430061e-22   32
  1.057375e-01   2.556454e-21   0.000000e+00   2.095768e-22   72
  1.075451e-01   2.178566e-21   0.000000e+00   1.971887e-22   48
  1.110721e-01   2.037797e-21   0.000000e+00   3.775390e-22   12
  1.127942e-01   1.355548e-21   0.000000e+00   1.131367e-22   48
  1.144905e-01   1.051905e-21   0.000000e+00   1.112338e-22   48
  1.161620e-01   1.310284e-21   1.404895e-09   1.218627e-22   48
  1.178097e-01   1.680009e-21   1.589457e-09   4.102941e-22   30
  1.194348e-01   1.376398e-21   1.404895e-09   2.650166e-22   24
  1.210380e-01   1.298163e-21   2.961779e-09   1.025314e-22   72
  1.241824e-01   1.069641e-21   0.000000e+00   1.343315e-22   24
  1.257251e-01   9.522170e-22   1.404895e-09   7.318560e-23   96
  1.272490e-01   7.442817e-22   0.000000e+00   6.128542e-23   48
  1.287550e-01   9.041243e-22   2.433349e-09   1.271960e-22   24
  1.302436e-01   6.569378e-22   2.433349e-09   1.149051e-22   24
  1.317153e-01   7.403604e-22   0.000000e+00   5.354171e-23   72
  1.331707e-01   5.757864e-22   0.000000e+00   4.497868e-23   48
  1.360350e-01   6.607094e-22   1.490116e-09   1.583044e-22   8
  1.374447e-01   5.186912e-22   1.766064e-09   4.798981e-23   54
  1.388401e-01   5.564818e-22   0.000000e+00   5.026900e-23   84
  1.402216e-01   6.216991e-22   0.000000e+00   7.231071e-23   48
  1.415897e-01   7.264555e-22   1.986821e-09   8.840578e-23   24
  1.429446e-01   5.046726e-22   1.873193e-09   3.499971e-23   72
  1.442869e-01   5.083906e-22   0.000000e+00   3.451511e-23   96
  1.469345e-01   3.849120e-22   0.000000e+00   4.029214e-23   48
  1.482407e-01   3.605864e-22   0.000000e+00   2.833794e-23   48
  1.495354e-01   4.975929e-22   1.986821e-09   5.838538e-23   24
  1.508189e-01   3.417458e-22   0.000000e+00   2.645134e-23   72
  1.533539e-01   3.095999e-22   1.873193e-09   2.473932e-23   72
  1.546058e-01   3.756554e-22   0.000000e+00   2.359475e-23   96
  1.570796e-01   2.607606e-22   0.000000e+00   7.076394e-23   6
  1.583021e-01   3.579506e-22   0.000000e+00   2.601663e-23   96
  1.595151e-01   3.190672e-22   1.986821e-09   2.297470e-23   96
  1.607190e-01   2.151456e-22   0.000000e+00   2.685966e-23   24
  1.619140e-01   3.583136e-22   0.000000e+00   2.681953e-23   48
  1.631002e-01   3.081657e-22   0.000000e+00   2.127420e-23   96
  1.642778e-01   2.191918e-22   0.000000e+00   1.884782e-23   48
  1.666081e-01   2.601298e-22   0.000000e+00   2.889768e-23   36
  1.677611e-01   2.021295e-22   3.441276e-09   2.585355e-23   48
  1.689063e-01   1.920815e-22   3.893359e-09   1.296611e-23   120
  1.700437e-01   2.113060e-22   0.000000e+00   2.255083e-23   56
  1.711736e-01   2.524032e-22   1.986821e-09   2.869578e-23   24
  1.722960e-01   2.024299e-22   0.000000e+00   1.300928e-23   96
  1.734112e-01   2.981204e-22   0.000000e+00   3.223308e-23   48
  1.756204e-01   1.866410e-22   0.000000e+00   2.390416e-23   24
  1.767146e-01   1.526547e-22   0.000000e+00   1.249595e-23   102
  1.778021e-01   1.644747e-22   0.000000e+00   1.347389e-23   48
  1.788829e-01   1.594880e-22   0.000000e+00   1.513491e-23   72
  1.799573e-01   1.475233e-22   0.000000e+00   1.394857e-23   48
  1.810253e-01   1.427906e-22   0.000000e+00   1.774232e-23   48
  1.820871e-01   1.273979e-22   4.495664e-09   9.671411e-24   120
  1.841922e-01   1.228430e-22   2.809790e-09   1.328193e-23   24
  1.852358e-01   1.187344e-22   0.000000e+00   6.928714e-24   144
  1.862735e-01   1.191211e-22   3.178914e-09   7.892772e-24   120
  1.873055e-01   9.118592e-23   2.809790e-09   8.078788e-24   48
  1.893526e-01   1.408817e-22   0.000000e+00   1.560525e-23   48
  1.903679e-01   1.015505e-22   2.809790e-09   6.478734e-24   96
  1.930487e-01   1.071212e-22   4.711199e-04   8.959113e-24   72
  1.943761e-01   1.083519e-22   3.532127e-09   5.631296e-24   108
  1.953653e-01   9.810927e-23   0.000000e+00   7.205216e-24   72
  1.963495e-01   1.498032e-22   0.000000e+00   1.836782e-23   30
  1.973288e-01   8.764654e-23   0.000000e+00   5.355426e-24   168
  1.983033e-01   9.121011e-23   0.000000e+00   9.292506e-24   48
  2.002380e-01   7.826773e-23   0.000000e+00   7.090948e-24   72
  2.011984e-01   7.858176e-23   0.000000e+00   5.758215e-24   96
  2.021542e-01   6.465959e-23   5.298191e-09   5.313534e-24   72
  2.031055e-01   8.473192e-23   0.000000e+00   6.864935e-24   72
  2.047049e-01   8.903823e-23   4.350048e-04   7.299936e-24   104
  2.059331e-01   7.308156e-23   3.746387e-09   3.878323e-24   144
  2.087224e-01   5.769920e-23   6.282881e-09   3.691765e-24   96
  2.096439e-01   6.571547e-23   0.000000e+00   5.609539e-24   96
  2.111095e-01   5.677446e-23   4.475232e-04   3.218688e-24   120
  2.123845e-01   6.310214e-23   0.000000e+00   3.359964e-24   120
  2.132902e-01   6.507371e-23   0.000000e+00   5.345904e-24   72
  2.150901e-01   6.880899e-23   0.000000e+00   7.513876e-24   48
  2.159845e-01   5.114028e-23   0.000000e+00   4.531600e-24   78
  2.171286e-01   5.867047e-23   4.007142e-04   2.860724e-24   168
  2.195255e-01   5.703626e-23   3.746387e-09   3.330481e-24   144
  2.204018e-01   4.701365e-23   3.746387e-09   2.688227e-24   144
  2.229436e-01   4.575123e-23   2.307791e-04   2.808665e-24   156
  2.238729e-01   5.765910e-23   2.809790e-09   5.554259e-24   48
  2.247323e-01   4.002354e-23   3.178914e-09   2.632421e-24   120
  2.255884e-01   3.561113e-23   0.000000e+00   3.630545e-24   48
  2.271022e-01   4.394176e-23   3.532495e-04   1.874991e-24   216
  2.289809e-01   3.616444e-23   0.000000e+00   3.473466e-24   48
  2.298212e-01   3.477732e-23   2.809790e-09   2.784975e-24   96
  2.310160e-01   4.669548e-23   4.128272e-04   2.768316e-24   168
  2.323239e-01   3.538816e-23   2.809790e-09   3.498520e-24   48
  2.331522e-01   3.794738e-23   0.000000e+00   2.721709e-24   96
  2.339775e-01   3.586541e-23   0.000000e+00   2.918141e-24   48
  2.356194e-01   3.369612e-23   3.178914e-09   3.035254e-24   30
  2.364362e-01   3.079026e-23   2.809790e-09   1.931089e-24   96
  2.374123e-01   3.140867e-23   3.244455e-04   1.541388e-24   240
  2.386674e-01   4.156830e-23   3.500299e-04   3.637989e-24   32
  2.396752e-01   2.995817e-23   0.000000e+00   1.467934e-24   168
  2.404781e-01   3.119199e-23   0.000000e+00   1.664247e-24   120
  2.420760e-01   3.317583e-23   5.923557e-09   2.683182e-24   72
  2.428710e-01   2.911585e-23   3.746387e-09   1.665035e-24   144
  2.436634e-01   3.275612e-23   0.000000e+00   2.207046e-24   96
  2.444532e-01   2.619818e-23   0.000000e+00   1.913310e-24   96
  2.460253e-01   3.251999e-23   0.000000e+00   2.642630e-24   72
  2.468075e-01   2.409485e-23   3.973643e-09   1.832913e-24   96
  2.483647e-01   3.092697e-23   0.000000e+00   3.791877e-24   24
  2.491396e-01   2.476920e-23   0.000000e+00   1.267607e-24   192
  2.500522e-01   2.138349e-23   2.970416e-04   1.130995e-24   132
  2.514501e-01   2.269654e-23   2.809790e-09   1.731195e-24   96
  2.522156e-01   2.164747e-23   0.000000e+00   1.820426e-24   96
  2.529787e-01   1.955486e-23   3.178914e-09   1.142961e-24   120
  2.544981e-01   2.578045e-23   0.000000e+00   2.126237e-24   48
  2.557435e-01   2.202850e-23   3.599905e-04   9.635277e-25   222
  2.567603e-01   2.520252e-23   0.000000e+00   1.630656e-24   120
  2.575100e-01   1.584556e-23   4.866699e-09   2.080165e-24   24
  2.586015e-01   1.813743e-23   3.715625e-04   6.980767e-25   312
  2.609797e-01   2.155722e-23   3.483547e-04   1.583893e-24   72
  2.619630e-01   1.666987e-23   4.866699e-09   1.309222e-24   96
  2.629726e-01   1.766041e-23   3.547511e-04   8.835730e-25   192
  2.641613e-01   1.961574e-23   4.495664e-09   1.229823e-24   120
  2.648900e-01   1.805946e-23   0.000000e+00   1.140798e-24   144
  2.663415e-01   1.630278e-23   0.000000e+00   1.304600e-24   48
  2.673732e-01   1.553512e-23   3.567146e-04   6.137776e-25   336
  2.685040e-01   1.762336e-23   0.000000e+00   1.926845e-24   48
  2.699360e-01   1.599838e-23   0.000000e+00   8.289428e-25   192
  2.706492e-01   1.470691e-23   0.000000e+00   1.268487e-24   48
  2.726764e-01   1.437331e-23   2.476067e-04   1.048744e-24   56
  2.736844e-01   1.621201e-23   3.180112e-04   6.163064e-25   336
  2.748894e-01   1.339680e-23   3.532127e-09   1.599954e-24   54
  2.759390e-01   1.361375e-23   3.492904e-04   6.009879e-25   240
  2.781181e-01   1.308456e-23   3.344484e-04   5.149589e-25   228
  2.790651e-01   1.387451e-23   3.746387e-09   1.057656e-24   72
  2.799844e-01   1.344138e-23   3.244231e-04   7.522558e-25   144
  2.811298e-01   8.960723e-24   0.000000e+00   5.780327e-25   96
  2.818146e-01   1.240474e-23   4.495664e-09   5.917724e-25   240
  2.831793e-01   1.481303e-23   3.973643e-09   2.124292e-24   24
  2.840530e-01   1.157309e-23   3.064151e-04   4.984986e-25   336
  2.852142e-01   1.005723e-23   0.000000e+00   7.889102e-25   72
  2.862741e-01   1.299632e-23   3.332831e-04   7.848647e-25   168
  2.872346e-01   1.255227e-23   0.000000e+00   1.443598e-24   72
  2.885737e-01   1.305404e-23   0.000000e+00   9.037559e-25   96
  2.896108e-01   9.463859e-24   3.307829e-04   4.723857e-25   216
  2.905708e-01   9.507819e-24   0.000000e+00   6.400237e-25   96
  2.918946e-01   9.958683e-24   0.000000e+00   4.655777e-25   192
  2.925542e-01   1.000023e-23   3.746387e-09   6.284479e-25   144
  2.938691e-01   8.583927e-24   0.000000e+00   7.453196e-25   48
  2.947794e-01   8.791379e-24   3.189136e-04   3.899065e-25   246
  2.960164e-01   8.735611e-24   2.940434e-04   4.583942e-25   168
  2.971308e-01   8.352337e-24   7.786718e-09   5.861433e-25   120
  2.977788e-01   8.623228e-24   0.000000e+00   4.218339e-25   240
  2.990707e-01   9.540137e-24   3.973643e-09   1.279525e-24   24
  3.001001e-01   8.733366e-24   3.147475e-04   3.179594e-25   360
  3.013820e-01   7.683599e-24   3.134082e-04   5.345726e-25   120
  3.022763e-01   8.739934e-24   0.000000e+00   4.419733e-25   144
  3.029133e-01   8.845184e-24   0.000000e+00   7.081939e-25   96
  3.048165e-01   7.072585e-24   0.000000e+00   4.474099e-25   144
  3.054482e-01   8.902296e-24   0.000000e+00   5.715460e-25   132
  3.063360e-01   7.037060e-24   3.093292e-04   3.041154e-25   176
  3.076248e-01   7.559526e-24   3.123602e-04   3.261187e-25   312
  3.092116e-01   7.328485e-24   0.000000e+00   5.055692e-25   96
  3.098343e-01   5.949252e-24   0.000000e+00   3.558238e-25   144
  3.107899e-01   7.138402e-24   3.092271e-04   3.001285e-25   312
  3.123131e-01   5.976020e-24   0.000000e+00   5.786550e-25   48
  3.129297e-01   6.333140e-24   3.973643e-09   3.810580e-25   192
  3.141593e-01   6.513417e-24   0.000000e+00   1.226385e-24   6
  3.149762e-01   5.733055e-24   2.884066e-04   2.377784e-25   288
  3.162994e-01   6.248631e-24   3.047203e-04   3.237261e-25   192
  3.172124e-01   6.421112e-24   9.345130e-09   3.244912e-25   216
  3.178195e-01   5.777523e-24   0.000000e+00   4.864393e-25   72
  3.193321e-01   6.188530e-24   3.018264e-04   2.972985e-25   192
  3.203366e-01   5.383247e-24   2.241224e-04   2.341256e-25   288
  3.214381e-01   6.497576e-24   0.000000e+00   6.021378e-25   24
  3.222890e-01   5.641443e-24   2.952626e-04   1.892141e-25   456
  3.238280e-01   5.374556e-24   0.000000e+00   6.430186e-25   48
  3.247789e-01   4.940774e-24   2.908218e-04   2.027071e-25   240
  3.258718e-01   5.020236e-24   2.939082e-04   2.863823e-25   216
  3.267908e-01   5.473433e-24   3.746387e-09   4.713538e-25   72
  3.273801e-01   5.110289e-24   1.015467e-08   3.291625e-25   168
  3.290441e-01   4.419130e-24   2.184577e-04   1.894114e-25   288
  3.299773e-01   4.098668e-24   2.890570e-04   2.118275e-25   168
  3.314762e-01   4.612601e-24   0.000000e+00   2.536538e-25   192
  3.320572e-01   4.276844e-24   3.746387e-09   2.773970e-25   144
  3.332162e-01   4.934411e-24   0.000000e+00   6.225172e-25   36
  3.341991e-01   4.343804e-24   2.639705e-04   1.737529e-25   342
  3.351389e-01   4.329885e-24   2.710657e-04   2.517583e-25   144
  3.363470e-01   4.081175e-24   2.842800e-04   1.428638e-25   384
  3.378125e-01   4.606590e-24   7.786718e-09   2.979368e-25   120
  3.385379e-01   4.132052e-24   2.534951e-04   1.860694e-25   264
  3.395201e-01   4.178522e-24   1.256576e-08   2.690974e-25   192
  3.404451e-01   3.547213e-24   2.731894e-04   2.282364e-25   152
  3.412191e-01   4.025972e-24   7.492773e-09   2.438962e-25   144
  3.428472e-01   4.020720e-24   1.768108e-04   1.968192e-25   216
  3.436008e-01   3.831902e-24   2.362665e-04   1.473599e-25   312
  3.449274e-01   4.035184e-24   2.738281e-04   1.596670e-25   240
  3.457090e-01   3.030811e-24   3.973643e-09   2.618578e-25   96
  3.471927e-01   3.065138e-24   2.617995e-04   1.715951e-25   144
  3.481071e-01   3.443964e-24   2.573258e-04   1.125711e-25   456
  3.495904e-01   3.322159e-24   0.000000e+00   2.242299e-25   120
  3.501414e-01   3.136753e-24   0.000000e+00   1.791849e-25   144
  3.512407e-01   2.728141e-24   0.000000e+00   3.765354e-25   24
  3.519456e-01   3.123150e-24   2.473498e-04   1.220477e-25   336
  3.531645e-01   3.281638e-24   2.727931e-04   1.771162e-25   198
  3.543067e-01   3.136091e-24   2.652756e-04   1.205424e-25   432
  3.556041e-01   3.255460e-24   0.000000e+00   4.078095e-25   48
  3.562810e-01   3.165008e-24   2.341925e-04   1.121847e-25   384
  3.574963e-01   2.361587e-24   2.696052e-04   1.350070e-25   144
  3.585975e-01   3.205109e-24   2.676825e-04   1.682118e-25   264
  3.599147e-01   2.595532e-24   0.000000e+00   2.095674e-25   48
  3.607984e-01   2.610816e-24   2.545223e-04   1.077218e-25   276
  3.616510e-01   2.815292e-24   2.307176e-04   1.413774e-25   192
  3.627906e-01   2.653283e-24   2.592759e-04   8.917666e-26   552
  3.641741e-01   2.323439e-24   8.991328e-09   1.406121e-25   120
  3.649965e-01   2.072065e-24   2.624511e-04   9.119980e-26   216
  3.657587e-01   2.279222e-24   4.495664e-09   1.729689e-25   120
  3.671201e-01   2.585259e-24   2.584500e-04   9.659205e-26   408
  3.683844e-01   2.191117e-24   5.619580e-09   1.872976e-25   24
  3.691684e-01   2.485640e-24   2.610810e-04   1.017314e-25   384
  3.702633e-01   2.358842e-24   2.550855e-04   1.039948e-25   240
  3.712141e-01   2.469970e-24   2.569535e-04   1.517455e-25   168
  3.725471e-01   2.111031e-24   6.357829e-09   1.632773e-25   120
  3.734064e-01   2.314931e-24   2.678605e-04   1.055374e-25   350
  3.748037e-01   2.422729e-24   4.409502e-04   8.564876e-26   384
  3.756388e-01   2.232242e-24   0.000000e+00   1.254465e-25   144
  3.771752e-01   2.097096e-24   1.059638e-08   8.691499e-26   288
  3.779773e-01   2.003206e-24   2.524053e-04   7.845105e-26   336
  3.790686e-01   2.083553e-24   2.297941e-04   1.116383e-25   168
  3.797219e-01   2.013414e-24   4.541306e-09   7.784935e-26   336
  3.810732e-01   2.240223e-24   2.385126e-04   9.793175e-26   288
  3.818848e-01   1.995136e-24   2.247398e-04   8.131589e-26   264
  3.832590e-01   1.784774e-24   0.000000e+00   7.977442e-26   240
  3.837616e-01   1.943347e-24   7.947286e-09   1.440481e-25   96
  3.855656e-01   1.873981e-24   3.056310e-04   6.885234e-26   360
  3.864075e-01   2.144589e-24   2.253025e-04   1.420476e-25   168
  3.874713e-01   1.693901e-24   2.456032e-04   6.054259e-26   456
  3.887523e-01   1.832661e-24   7.064254e-09   9.956485e-26   108
  3.894728e-01   1.546856e-24   2.464311e-04   7.464699e-26   264
  3.903716e-01   1.705215e-24   2.198567e-04   6.582109e-26   264
  3.916025e-01   1.800155e-24   2.074668e-04   7.091142e-26   312
  3.931351e-01   1.591620e-24   1.541705e-04   7.579642e-26   270
  3.937775e-01   1.431071e-24   1.957388e-04   7.232956e-26   240
  3.949323e-01   1.612317e-24   2.421536e-04   6.178371e-26   384
  3.956334e-01   1.628537e-24   0.000000e+00   9.975886e-26   192
  3.969952e-01   1.805703e-24   1.942960e-04   8.407886e-26   240
  3.977852e-01   1.584096e-24   2.397927e-04   6.944945e-26   336
  3.992708e-01   1.570861e-24   2.413972e-04   4.743505e-26   480
  4.004761e-01   1.823732e-24   0.000000e+00   1.621106e-25   72
  4.011493e-01   1.412914e-24   2.353842e-04   8.302512e-26   240
  4.020650e-01   1.510740e-24   2.212289e-04   5.893309e-26   312
  4.031147e-01   1.416798e-24   2.390954e-04   6.599050e-26   240
  4.047009e-01   1.385750e-24   1.816506e-04   5.167930e-26   408
  4.053288e-01   1.442800e-24   1.663482e-04   5.686690e-26   336
  4.065560e-01   1.614370e-24   2.112212e-04   8.070365e-26   264
  4.071591e-01   1.144927e-24   0.000000e+00   6.042474e-26   144
  4.088370e-01   1.208783e-24   2.927651e-04   4.109825e-26   464
  4.097211e-01   1.267361e-24   2.328083e-04   5.863812e-26   168
  4.105939e-01   1.152190e-24   2.120376e-04   5.144805e-26   336
  4.121713e-01   1.365016e-24   2.227870e-04   5.178368e-26   414
  4.130606e-01   1.348294e-24   2.319080e-04   7.149380e-26   216
  4.141998e-01   1.359645e-24   7.947286e-09   9.240096e-26   96
  4.146649e-01   1.147102e-24   1.685874e-08   4.593330e-26   384
  4.162944e-01   1.184716e-24   2.314600e-04   3.931335e-26   492
  4.171676e-01   1.401855e-24   2.263480e-04   7.034264e-26   240
  4.181546e-01   1.123526e-24   2.298225e-04   4.403356e-26   312
  4.195176e-01   1.032122e-24   2.297469e-04   5.893471e-26   192
  4.203810e-01   1.071766e-24   2.226525e-04   3.696583e-26   504
  4.215265e-01   1.070045e-24   1.473998e-04   3.857758e-26   408
  4.224284e-01   1.001085e-24   4.515774e-04   5.268389e-26   168
  4.235571e-01   1.127073e-24   2.145032e-04   5.117003e-26   288
  4.245041e-01   9.715528e-25   2.238525e-04   4.138760e-26   288
  4.254743e-01   9.065375e-25   2.251410e-04   3.576677e-26   432
  4.268815e-01   1.041836e-24   2.129084e-04   5.315664e-26   216
  4.276334e-01   9.449295e-25   2.124592e-04   3.566780e-26   360
  4.289721e-01   9.817256e-25   2.073582e-04   4.053270e-26   312
  4.301803e-01   1.260981e-24   0.000000e+00   1.298030e-25   48
  4.308767e-01   9.477872e-25   2.223178e-04   3.391562e-26   432
  4.321240e-01   8.856316e-25   3.708284e-04   3.305030e-26   414
  4.328606e-01   1.060034e-24   1.894136e-08   4.822174e-26   312
  4.342347e-01   9.311390e-25   3.253813e-04   3.082885e-26   528
  4.351620e-01   9.684084e-25   1.707976e-04   4.748885e-26   264
  4.362761e-01   9.050397e-25   2.025191e-04   3.122476e-26   480
  4.377318e-01   9.023870e-25   0.000000e+00   3.632139e-26   288
  4.383604e-01   9.953267e-25   2.176005e-04   5.566153e-26   168
  4.395105e-01   8.529187e-25   3.444610e-04   3.388403e-26   504
  4.408036e-01   9.882673e-25   7.492773e-09   6.172152e-26   144
  4.416171e-01   8.777142e-25   2.212265e-04   3.084529e-26   464
  4.428396e-01   8.956141e-25   3.246624e-04   3.508405e-26   432
  4.434197e-01   9.005864e-25   0.000000e+00   4.647959e-26   192
  4.449189e-01   7.544836e-25   2.406833e-04   3.040374e-26   396
  4.458042e-01   6.878145e-25   2.162000e-04   3.308709e-26   288
  4.466990e-01   7.822470e-25   2.135686e-04   3.723484e-26   336
  4.481283e-01   7.221767e-25   1.352359e-04   3.118009e-26   432
  4.490354e-01   7.545635e-25   3.505126e-04   3.053465e-26   360
  4.500539e-01   7.776723e-25   2.073334e-04   2.861510e-26   384
  4.515004e-01   7.259139e-25   1.830116e-04   4.014357e-26   198
  4.521974e-01   7.370401e-25   2.080246e-04   2.326418e-26   552
  4.534970e-01   7.096576e-25   2.912202e-04   2.817195e-26   432
  4.545821e-01   7.834345e-25   0.000000e+00   5.377874e-26   168
  4.554927e-01   6.739664e-25   3.610065e-04   2.452949e-26   480
  4.566974e-01   6.687854e-25   0.000000e+00   4.181419e-26   120
  4.572396e-01   7.620155e-25   2.948545e-04   4.362446e-26   336
  4.585628e-01   6.697059e-25   2.080152e-04   2.135200e-26   672
  4.598711e-01   7.867051e-25   3.025866e-04   2.622662e-26   528
  4.604805e-01   5.830804e-25   9.082613e-09   3.605329e-26   168
  4.618883e-01   6.814057e-25   3.375333e-04   2.454994e-26   456
  4.627474e-01   7.534550e-25   2.061344e-04   4.448740e-26   168
  4.636392e-01   7.024496e-25   2.057643e-04   2.650126e-26   504
  4.651216e-01   5.469553e-25   2.647872e-04   2.619083e-26   336
  4.660180e-01   6.270495e-25   1.908802e-04   2.604659e-26   312
  4.670124e-01   6.332434e-25   1.865029e-04   2.499225e-26   504
  4.683210e-01   5.838682e-25   1.294009e-04   2.388607e-26   432
  4.689362e-01   7.022769e-25   1.999672e-04   3.141228e-26   312
  4.702151e-01   6.190501e-25   2.049761e-04   2.628888e-26   384
  4.715504e-01   6.036256e-25   1.741510e-04   3.316708e-26   126
  4.723748e-01   6.019853e-25   3.057676e-04   2.254861e-26   492
  4.734278e-01   5.633020e-25   1.958445e-04   1.890265e-26   528
  4.747438e-01   5.278075e-25   1.989360e-04   1.841125e-26   480
  4.755596e-01   6.158340e-25   2.748289e-04   2.393448e-26   432
  4.767402e-01   5.491358e-25   2.161166e-04   2.289902e-26   440
  4.781114e-01   6.380733e-25   1.074739e-04   3.166435e-26   312
  4.786259e-01   4.880020e-25   1.610586e-04   1.879340e-26   480
  4.796813e-01   5.185111e-25   3.153497e-04   2.210412e-26   408
  4.812233e-01   6.156054e-25   1.888588e-04   2.628982e-26   360
  4.818747e-01   5.175429e-25   1.822418e-04   2.358021e-26   408
  4.830820e-01   4.769045e-25   1.854542e-04   1.690588e-26   456
  4.844414e-01   5.188751e-25   1.772485e-04   2.379824e-26   264
  4.851959e-01   5.657852e-25   1.923591e-04   2.550845e-26   384
  4.862943e-01   5.428102e-25   3.238501e-04   1.755531e-26   672
  4.875640e-01   5.638775e-25   1.937042e-04   3.193688e-26   240
  4.882967e-01   4.688373e-25   1.965613e-04   2.313258e-26   264
  4.893308e-01   4.279397e-25   2.424259e-04   1.273965e-26   624
  4.908739e-01   3.768466e-25   0.000000e+00   2.581184e-26   150
  4.914232e-01   4.858238e-25   2.716574e-04   1.726441e-26   600
  4.925819e-01   5.147404e-25   1.874909e-04   1.675286e-26   672
  4.938939e-01   4.446679e-25   1.763484e-04   2.029407e-26   336
  4.946248e-01   4.303632e-25   1.918157e-04   1.742129e-26   408
  4.957926e-01   5.251360e-25   1.913639e-04   2.332015e-26   408
  4.970915e-01   5.356569e-25   9.676385e-05   2.348646e-26   360
  4.978921e-01   4.830029e-25   3.552857e-04   1.923145e-26   456
  4.988592e-01   3.920676e-25   1.932065e-04   1.537736e-26   384
  5.000902e-01   3.638964e-25   1.783541e-04   1.710052e-26   348
  5.007554e-01   4.299624e-25   2.198754e-04   1.702114e-26   576
  5.020050e-01   4.270930e-25   1.810385e-04   1.496241e-26   504
  5.032833e-01   4.456695e-25   2.553443e-04   2.016644e-26   432
  5.043991e-01   4.313465e-25   3.473946e-04   1.478049e-26   576
  5.051948e-01   4.084489e-25   0.000000e+00   2.167976e-26   264
  5.064571e-01   4.312836e-25   2.764393e-04   1.343404e-26   768
  5.075549e-01   3.369798e-25   3.721752e-04   1.386909e-26   240
  5.084277e-01   3.800782e-25   3.282233e-04   3.340299e-26   192
  5.096990e-01   4.166312e-25   2.416124e-04   1.531210e-26   504
  5.106418e-01   4.236657e-25   3.255818e-04   1.387849e-26   590
  5.115460e-01   4.036492e-25   3.647966e-04   1.872545e-26   384
  5.126798e-01   3.552661e-25   3.048625e-04   1.513377e-26   504
  5.140486e-01   3.673793e-25   2.933830e-04   1.243974e-26   648
  5.153764e-01   3.210559e-25   7.967896e-05   1.169229e-26   504
  5.159117e-01   3.652114e-25   1.817627e-04   1.619069e-26   312
  5.168569e-01   4.021165e-25   2.618753e-04   1.596372e-26   576
  5.181545e-01   4.200205e-25   1.822405e-04   2.185044e-26   240
  5.189109e-01   3.656084e-25   1.841453e-04   1.372416e-26   552
  5.199816e-01   3.494686e-25   1.729082e-04   1.193259e-26   600
  5.215067e-01   3.666183e-25   2.111937e-04   1.352961e-26   600
  5.224237e-01   3.620270e-25   3.382099e-04   1.814814e-26   312
  5.233368e-01   3.938015e-25   2.945474e-04   1.835073e-26   480
  5.244775e-01   3.407981e-25   1.837693e-04   1.314662e-26   576
  5.254818e-01   3.319962e-25   2.959085e-04   1.532032e-26   408
  5.263729e-01   2.062613e-25   3.451909e-04   1.379376e-26   216
  5.275243e-01   3.630692e-25   2.643774e-04   1.372758e-26   516
  5.287578e-01   3.364365e-25   2.522429e-04   1.044107e-26   744
  5.300304e-01   3.526169e-25   1.684760e-04   1.468458e-26   462
  5.307494e-01   2.846135e-25   1.712315e-04   1.365547e-26   432
  5.318647e-01   3.188033e-25   1.588547e-04   1.178498e-26   648
  5.331761e-01   2.894274e-25   2.324340e-04   1.157691e-26   528
  5.342295e-01   3.520596e-25   2.799086e-04   1.341841e-26   600
  5.352820e-01   3.691630e-25   3.528915e-04   1.974398e-26   240
  5.363014e-01   2.834048e-25   2.703115e-04   9.490669e-27   720
  5.374863e-01   3.114708e-25   2.138653e-04   1.118396e-26   720
  5.387997e-01   1.700748e-25   0.000000e+00   9.695847e-27   144
  5.394909e-01   3.394098e-25   2.757364e-04   1.179916e-26   720
  5.404742e-01   3.208648e-25   1.653370e-04   1.602661e-26   384
  5.417051e-01   2.913778e-25   1.832848e-04   1.039571e-26   672
  5.428730e-01   3.236266e-25   3.209115e-04   1.977586e-26   336
  5.434308e-01   2.549595e-25   0.000000e+00   1.681386e-26   288
  5.447967e-01   2.495580e-25   2.539800e-04   8.852867e-27   776
  5.460612e-01   2.796182e-25   2.173184e-04   9.873843e-27   720
  5.471231e-01   2.573627e-25   1.750659e-04   1.203956e-26   432
  5.479725e-01   3.181394e-25   2.495786e-04   1.292800e-26   504
  5.489174e-01   3.313910e-25   1.748652e-04   1.542875e-26   528
  5.502396e-01   2.433616e-25   2.382437e-04   1.140107e-26   438
  5.513273e-01   2.626718e-25   2.772938e-04   1.048564e-26   624
  5.521470e-01   2.499173e-25   3.396475e-04   1.391419e-26   312
  5.532738e-01   3.105421e-25   1.829935e-04   9.803873e-27   696
  5.544390e-01   2.545853e-25   1.655760e-04   1.008204e-26   552
  5.556509e-01   2.713796e-25   1.281006e-04   1.312089e-26   516
  5.564006e-01   2.684795e-25   2.558713e-04   1.137528e-26   528
  5.573133e-01   2.155631e-25   1.664001e-04   8.717479e-27   528
  5.586097e-01   2.412241e-25   2.194479e-04   8.056275e-27   864
  5.594897e-01   2.465419e-25   3.005985e-04   1.193126e-26   408
  5.603706e-01   3.701644e-25   2.978186e-04   2.736461e-26   192
  5.616191e-01   2.208276e-25   2.464592e-04   8.620093e-27   720
  5.626731e-01   2.475265e-25   2.272475e-04   9.999018e-27   696
  5.639255e-01   2.306752e-25   2.454294e-04   8.073534e-27   720
  5.650713e-01   2.851070e-25   3.326501e-04   1.305683e-26   432
  5.657395e-01   2.111634e-25   1.958109e-04   1.246435e-26   264
  5.669418e-01   2.392003e-25   2.704061e-04   9.446947e-27   672
  5.680171e-01   2.191328e-25   2.768544e-04   8.169789e-27   600
  5.692933e-01   1.527704e-25   1.620980e-04   7.240700e-27   270
  5.699366e-01   1.968364e-25   2.440026e-04   1.027927e-26   528
  5.709591e-01   2.262797e-25   1.670843e-04   7.271965e-27   840
  5.723613e-01   2.398544e-25   3.194952e-04   7.684727e-27   888
  5.736568e-01   2.053272e-25   2.380474e-04   7.390616e-27   744
  5.747517e-01   2.291556e-25   1.223216e-04   9.471937e-27   456
  5.752963e-01   2.819485e-25   1.671601e-04   1.183728e-26   360
  5.762282e-01   1.676616e-25   1.448348e-04   8.159354e-27   384
  5.776580e-01   2.133022e-25   2.323137e-04   7.594448e-27   816
  5.787308e-01   1.989400e-25   3.370546e-04   7.219730e-27   824
  5.800348e-01   1.930877e-25   1.566791e-04   1.158021e-26   360
  5.807331e-01   1.998277e-25   2.311994e-04   7.191147e-27   624
  5.816941e-01   2.504943e-25   1.562320e-04   1.381008e-26   360
  5.829744e-01   1.922781e-25   2.125215e-04   6.921281e-27   876
  5.841306e-01   2.036440e-25   2.524119e-04   8.405399e-27   696
  5.852967e-01   1.830450e-25   1.629911e-04   1.002372e-26   336
  5.859080e-01   2.152678e-25   1.628079e-04   1.085913e-26   504
  5.869176e-01   1.800840e-25   1.642187e-04   7.951876e-27   672
  5.884155e-01   1.837675e-25   3.269213e-04   6.355602e-27   720
  5.894543e-01   1.852274e-25   2.469541e-04   7.141948e-27   774
  5.906010e-01   1.605528e-25   1.413501e-04   9.343827e-27   384
  5.912015e-01   2.109035e-25   2.720183e-04   9.444050e-27   528
  5.921335e-01   1.975225e-25   2.592486e-04   7.699968e-27   744
  5.936327e-01   2.144252e-25   2.138251e-04   7.587033e-27   768
  5.946281e-01   1.515459e-25   2.400348e-04   6.471711e-27   552
  5.958700e-01   1.818536e-25   2.616108e-04   7.877216e-27   696
  5.967938e-01   1.895767e-25   3.179026e-04   8.509529e-27   408
  5.975272e-01   1.879404e-25   1.373364e-04   7.959106e-27   504
  5.986899e-01   1.802934e-25   2.467198e-04   6.363482e-27   888
  5.998339e-01   1.743467e-25   2.564132e-04   7.504584e-27   648
  6.010230e-01   1.674133e-25   2.542153e-04   7.890606e-27   648
  6.021418e-01   1.579809e-25   2.741064e-04   6.236032e-27   792
  6.033268e-01   1.529801e-25   4.010364e-04   7.219335e-27   600
  6.042000e-01   1.298959e-25   2.717856e-04   6.697585e-27   456
  6.051191e-01   1.519528e-25   1.324567e-04   5.817633e-27   648
  6.062996e-01   1.419497e-25   2.583099e-04   4.763535e-27   936
  6.075741e-01   2.071990e-25   1.586356e-04   9.806862e-27   384
  6.086836e-01   1.536810e-25   1.334798e-08   1.272733e-26   198
  6.095398e-01   1.430733e-25   4.024720e-04   4.101106e-27   1224
  6.104634e-01   1.818478e-25   2.931235e-04   8.985216e-27   420
  6.115558e-01   1.453678e-25   2.836822e-04   4.969219e-27   792
  6.126238e-01   1.427300e-25   2.345810e-04   6.118364e-27   680
  6.138428e-01   1.294768e-25   2.154033e-04   5.241389e-27   600
  6.148235e-01   1.332479e-25   3.123938e-04   5.037921e-27   840
  6.161330e-01   1.500151e-25   1.474979e-04   7.757669e-27   432
  6.166334e-01   1.483403e-25   1.382249e-04   6.360467e-27   720
  6.177213e-01   1.425687e-25   2.768404e-04   5.057719e-27   960
  6.190745e-01   1.330984e-25   2.467829e-04   6.485272e-27   528
  6.200634e-01   1.379345e-25   2.522592e-04   7.830328e-27   624
  6.212404e-01   1.385550e-25   1.982740e-04   5.103925e-27   816
  6.224086e-01   1.222407e-25   3.260658e-04   5.314451e-27   696
  6.236996e-01   1.149006e-25   2.202416e-08   7.448355e-27   240
  6.241851e-01   1.399775e-25   1.922888e-04   6.551111e-27   672
  6.252686e-01   1.230672e-25   3.436476e-04   5.096719e-27   864
  6.264840e-01   9.585987e-26   2.636938e-04   3.424219e-27   816
  6.275795e-01   1.102218e-25   1.509292e-04   5.442464e-27   648
  6.287594e-01   1.339210e-25   1.542771e-04   5.092939e-27   843
  6.297611e-01   1.115004e-25   2.775825e-04   4.480570e-27   780
  6.309548e-01   9.957197e-26   1.489456e-04   8.986413e-27   216
  6.316911e-01   1.121996e-25   3.591661e-04   3.790732e-27   1056
  6.328235e-01   1.101758e-25   2.938382e-04   8.995121e-27   228
  6.338720e-01   1.245280e-25   3.658358e-04   4.725228e-27   924
  6.349484e-01   1.191308e-25   1.357046e-04   4.715911e-27   696
  6.360882e-01   9.444482e-26   2.415153e-04   3.760065e-27   996
  6.372543e-01   8.257964e-26   1.425858e-04   3.749433e-27   576
  6.384675e-01   9.881495e-26   2.200718e-04   5.914891e-27   552
  6.393519e-01   1.201586e-25   2.627580e-04   5.671421e-27   516
  6.402494e-01   1.011579e-25   3.821047e-04   4.349829e-27   744
  6.412749e-01   7.446710e-26   1.874451e-04   3.385107e-27   576
  6.421669e-01   8.368977e-26   1.929285e-04   3.313631e-27   792
  6.434346e-01   9.966562e-26   2.205530e-04   3.728336e-27   792
  6.443636e-01   9.030162e-26   2.378641e-04   4.030292e-27   720
  6.456200e-01   8.509885e-26   2.711104e-04   3.260133e-27   656
  6.467974e-01   8.742968e-26   2.960385e-04   3.464517e-27   816
  6.480043e-01   7.978613e-26   1.596190e-04   4.603332e-27   492
  6.486903e-01   9.761897e-26   2.296231e-04   4.330809e-27   552
  6.499778e-01   7.194500e-26   3.992867e-04   3.654646e-27   780
  6.508139e-01   8.101024e-26   2.452771e-04   4.072924e-27   528
  6.517148e-01   6.553179e-26   2.863130e-04   2.518000e-27   600
  6.530425e-01   9.334792e-26   2.379487e-04   3.227009e-27   900
  6.539577e-01   7.917758e-26   1.317325e-04   3.870897e-27   696
  6.552168e-01   7.108181e-26   3.330907e-04   3.216890e-27   696
  6.564349e-01   6.080162e-26   1.351317e-04   2.229447e-27   552
  6.574592e-01   6.241676e-26   1.571457e-04   2.806893e-27   708
  6.585322e-01   6.966185e-26   2.594565e-04   2.748897e-27   876
  6.596487e-01   8.446623e-26   1.377663e-04   9.302721e-27   216
  6.603980e-01   7.122084e-26   3.768094e-04   2.524728e-27   1032
  6.615201e-01   5.711715e-26   4.195357e-04   2.879181e-27   600
  6.626848e-01   5.125784e-26   2.001869e-04   2.679715e-27   600
  6.635732e-01   6.599424e-26   3.535112e-04   2.946480e-27   528
  6.646233e-01   6.477598e-26   1.940622e-04   2.855404e-27   732
  6.657296e-01   6.696496e-26   1.432973e-04   4.055409e-27   336
  6.670031e-01   5.859821e-26   2.042271e-04   2.572222e-27   912
  6.679548e-01   4.565623e-26   2.049821e-04   1.730985e-27   624
  6.689946e-01   6.305043e-26   1.727341e-04   2.575778e-27   768
  6.702082e-01   5.890588e-26   3.116463e-04   2.184159e-27   792
  6.713995e-01   5.498953e-26   1.545014e-04   2.835959e-27   660
  6.722471e-01   5.603840e-26   2.276826e-04   3.185136e-27   504
  6.731238e-01   4.594759e-26   3.719898e-04   2.044957e-27   480
  6.744376e-01   4.017580e-26   3.440421e-04   1.545823e-27   912
  6.754664e-01   5.401391e-26   3.831443e-04   2.975583e-27   432
  6.764380e-01   5.313722e-26   2.275021e-04   3.013360e-27   564
  6.773006e-01   4.771361e-26   2.177508e-04   1.856014e-27   600
  6.785149e-01   5.584266e-26   3.035240e-04   2.153554e-27   876
  6.794272e-01   4.833398e-26   1.364735e-04   3.460652e-27   264
  6.806846e-01   4.541227e-26   2.648123e-04   2.431502e-27   560
  6.816953e-01   4.246102e-26   1.799457e-04   1.527410e-27   840
  6.829222e-01   3.765606e-26   2.774244e-04   1.465657e-27   1008
  6.840568e-01   3.377467e-26   1.241010e-04   1.501536e-27   456
  6.850930e-01   4.887549e-26   1.607553e-04   2.465261e-27   576
  6.860509e-01   4.419616e-26   2.470177e-04   2.109909e-27   612
  6.873140e-01   4.458658e-26   2.206269e-04   1.921635e-27   780
  6.883444e-01   4.375232e-26   2.528284e-04   1.771776e-27   648
  6.893992e-01   4.424553e-26   1.178213e-04   3.232127e-27   312
  6.900734e-01   3.176387e-26   2.993645e-04   1.354409e-27   528
  6.912414e-01   3.220345e-26   3.909551e-04   1.181503e-27   720
  6.923583e-01   4.147328e-26   3.921794e-04   2.389259e-27   576
  6.937124e-01   3.565779e-26   3.383053e-04   1.959418e-27   444
  6.945549e-01   3.955049e-26   3.317685e-04   1.349250e-27   996
  6.955874e-01   3.185441e-26   2.771265e-04   2.007467e-27   432
  6.965633e-01   3.845745e-26   3.033990e-04   1.760352e-27   504
  6.974062e-01   2.636152e-26   1.367883e-04   1.458171e-27   504
  6.986065e-01   4.020397e-26   2.692009e-04   1.480883e-27   876
  6.996926e-01   3.253640e-26   3.098246e-04   1.654684e-27   504
  7.008236e-01   2.993699e-26   1.975899e-04   1.366566e-27   696
  7.017583e-01   3.472882e-26   1.689187e-04   1.563617e-27   492
  7.030300e-01   2.659118e-26   2.418152e-04   1.379750e-27   432
  7.039719e-01   3.541316e-26   2.264335e-04   1.385127e-27   768
  7.050885e-01   2.801389e-26   2.820533e-04   1.190144e-27   648
  7.061547e-01   2.439973e-26   1.840095e-04   1.390284e-27   456
  7.073798e-01   2.907185e-26   2.530430e-04   1.395035e-27   552
  7.082306e-01   2.615527e-26   1.734358e-04   1.179725e-27   648
  7.094016e-01   2.581919e-26   2.826907e-04   8.209115e-28   840
  7.105454e-01   2.758899e-26   1.348092e-04   1.397953e-27   432
  7.116906e-01   2.800943e-26   1.651183e-04   1.494512e-27   600
  7.124870e-01   3.268937e-26   1.759227e-04   1.649266e-27   432
  7.138248e-01   2.998103e-26   1.751482e-04   1.302048e-27   560
  7.147308e-01   2.224829e-26   2.772412e-04   8.519184e-28   840
  7.158652e-01   2.713348e-26   1.642140e-04   1.345133e-27   504
  7.167662e-01   2.142127e-26   3.351509e-04   8.127630e-28   696
  7.180362e-01   2.916145e-26   1.830475e-04   1.629983e-27   384
  7.190254e-01   1.998334e-26   2.681431e-04   8.304198e-28   576
  7.202219e-01   2.115086e-26   1.654845e-04   1.160046e-27   360
  7.211864e-01   2.368883e-26   2.464465e-04   9.490705e-28   828
  7.222268e-01   2.054809e-26   2.195064e-04   1.138905e-27   372
  7.231800e-01   2.062872e-26   3.352284e-04   7.600152e-28   576
  7.244428e-01   2.468645e-26   1.403933e-04   1.083514e-27   636
  7.253425e-01   2.127476e-26   2.706420e-04   9.166562e-28   648
  7.265596e-01   1.904940e-26   2.200024e-04   8.392978e-28   576
  7.274333e-01   2.047173e-26   3.548870e-04   9.426269e-28   528
  7.285953e-01   2.119651e-26   1.517289e-04   1.274437e-27   360
  7.295571e-01   1.713229e-26   3.490332e-04   6.168215e-28   672
  7.308130e-01   2.223122e-26   1.787806e-04   8.407348e-28   804
  7.318582e-01   1.947174e-26   1.972163e-04   9.631310e-28   408
  7.330145e-01   2.236643e-26   1.219011e-04   1.170438e-27   384
  7.337931e-01   1.447740e-26   2.789567e-04   8.584070e-28   480
  7.348913e-01   1.570607e-26   1.802469e-04   7.258275e-28   432
  7.359446e-01   2.085604e-26   3.321565e-04   8.157752e-28   648
  7.371913e-01   1.867012e-26   2.061016e-04   7.529696e-28   624
  7.381033e-01   1.742083e-26   1.874668e-04   9.658454e-28   456
  7.393486e-01   1.644212e-26   2.560963e-04   8.231672e-28   588
  7.401831e-01   1.561202e-26   1.633884e-04   6.025395e-28   600
  7.414016e-01   1.537507e-26   2.548458e-04   6.465651e-28   708
  7.423640e-01   1.647141e-26   1.605479e-04   8.735143e-28   360
  7.434275e-01   1.838255e-26   1.845541e-04   9.222839e-28   552
  7.444470e-01   1.511813e-26   1.294691e-04   1.128594e-27   288
  7.454820e-01   1.488144e-26   2.434372e-04   7.057952e-28   528
  7.464545e-01   1.659357e-26   1.642340e-04   6.692306e-28   456
  7.475410e-01   1.608681e-26   2.912225e-04   7.512885e-28   608
  7.486338e-01   1.349803e-26   1.408967e-04   5.766249e-28   504
  7.498278e-01   9.907693e-27   3.024972e-04   4.238354e-28   540
  7.507642e-01   1.755646e-26   3.247222e-04   8.844610e-28   360
  7.517735e-01   1.776159e-26   1.470509e-04   8.601512e-28   540
  7.526661e-01   1.395607e-26   1.262606e-04   6.620839e-28   576
  7.539642e-01   1.493895e-26   2.927555e-04   6.873169e-28   588
  7.551985e-01   1.368590e-26   4.039143e-04   6.325898e-28   672
  7.562588e-01   1.583091e-26   3.087151e-04   6.368290e-28   552
  7.571135e-01   1.140732e-26   3.088712e-04   8.920177e-28   144
  7.582042e-01   1.490083e-26   2.624178e-04   6.600778e-28   600
  7.592383e-01   1.053295e-26   3.288668e-04   5.230332e-28   504
  7.603860e-01   1.244781e-26   3.378126e-04   7.946735e-28   336
  7.615932e-01   1.242611e-26   3.797028e-04   5.351715e-28   600
  7.626744e-01   1.156225e-26   2.450478e-04   5.928855e-28   636
  7.638413e-01   1.279892e-26   1.970206e-04   8.922697e-28   384
  7.646595e-01   1.318739e-26   2.748205e-04   6.481421e-28   504
  7.658387e-01   9.822821e-27   1.153383e-04   6.631652e-28   240
  7.667694e-01   1.151698e-26   2.709461e-04   4.196582e-28   744
  7.678860e-01   1.087447e-26   1.850150e-04   4.444505e-28   648
  7.688783e-01   1.826563e-26   1.228185e-04   1.367741e-27   120
  7.700414e-01   9.432458e-27   1.929319e-04   3.812413e-28   564
  7.709202e-01   1.238190e-26   3.030111e-04   7.305620e-28   432
  7.720932e-01   9.567024e-27   2.351965e-04   4.822222e-28   480
  7.729764e-01   7.589572e-27   1.731106e-04   3.984451e-28   456
  7.740189e-01   1.088159e-26   2.864725e-04   5.808344e-28   444
  7.752020e-01   9.682786e-27   4.383180e-04   5.599530e-28   528
  7.762412e-01   1.252920e-26   3.255297e-04   9.443900e-28   264
  7.772498e-01   1.001645e-26   3.336195e-04   5.478525e-28   444
  7.786065e-01   1.058833e-26   3.654311e-04   4.085695e-28   696
  7.797327e-01   1.119255e-26   1.954448e-04   7.170214e-28   384
  7.805563e-01   7.989291e-27   2.469609e-04   3.753486e-28   432
  7.818373e-01   1.100884e-26   1.706384e-04   5.102031e-28   488
  7.826690e-01   1.072431e-26   2.571733e-04   5.457354e-28   480
  7.838749e-01   8.383449e-27   2.868014e-04   4.720518e-28   480
  7.848089e-01   7.522447e-27   1.203331e-04   4.536994e-28   240
  7.858692e-01   1.001607e-26   2.810886e-04   5.130878e-28   600
  7.868694e-01   6.662768e-27   2.449399e-04   4.420583e-28   288
  7.879343e-01   8.702359e-27   2.356143e-04   4.486843e-28   480
  7.890129e-01   7.233590e-27   4.191157e-04   4.046490e-28   504
  7.900748e-01   9.007438e-27   1.798267e-04   5.331936e-28   216
  7.914291e-01   7.959694e-27   2.944050e-04   4.195185e-28   504
  7.924838e-01   6.598189e-27   2.367912e-04   3.254366e-28   456
  7.936384e-01   9.880401e-27   1.358038e-04   4.957558e-28   384
  7.944031e-01   1.006155e-26   2.756326e-04   5.845334e-28   480
  7.954897e-01   6.204380e-27   2.420363e-04   3.694947e-28   504
  7.964966e-01   7.741339e-27   1.535327e-04   5.081274e-28   312
  7.975815e-01   8.352256e-27   2.474127e-04   4.714873e-28   492
  7.985417e-01   9.927388e-27   2.318919e-04   6.799812e-28   312
  7.997779e-01   6.857037e-27   3.766899e-04   3.361143e-28   576
  8.008661e-01   8.576670e-27   3.477153e-04   5.860517e-28   336
  8.017699e-01   4.816755e-27   2.677247e-04   3.853596e-28   240
  8.030228e-01   7.571019e-27   3.549351e-04   3.969882e-28   468
  8.041047e-01   7.644307e-27   2.222407e-04   6.394897e-28   192
  8.052370e-01   6.076396e-27   2.229031e-04   4.216080e-28   324
  8.060669e-01   6.757991e-27   1.617794e-04   3.124558e-28   600
  8.071978e-01   7.354026e-27   2.624704e-04   3.560747e-28   456
  8.080377e-01   6.979837e-27   1.180592e-04   4.974504e-28   336
  8.094297e-01   7.932495e-27   3.535027e-04   4.295335e-28   612
  8.104424e-01   6.721499e-27   2.966749e-04   9.476709e-28   144
  8.114002e-01   7.167748e-27   3.462957e-04   3.386280e-28   552
  8.127025e-01   3.982090e-27   1.363755e-04   2.550965e-28   264
  8.134384e-01   6.054983e-27   3.157441e-04   4.382160e-28   336
  8.145992e-01   4.884650e-27   2.086329e-04   2.749763e-28   384
  8.156059e-01   6.718853e-27   1.174397e-04   5.111389e-28   216
  8.167203e-01   4.283087e-27   2.489964e-04   2.740715e-28   344
  8.177364e-01   4.933593e-27   3.715143e-04   3.046495e-28   408
  8.189746e-01   4.705725e-27   2.854845e-04   3.890683e-28   264
  8.200718e-01   5.693561e-27   3.979796e-04   3.333344e-28   612
  8.211681e-01   8.110255e-27   2.048307e-04   5.140119e-28   408
  8.222956e-01   5.277578e-27   2.051251e-04   3.849605e-28   444
  8.231239e-01   1.005310e-26   1.147249e-04   8.062061e-28   120
  8.242338e-01   6.480533e-27   3.169640e-04   4.783589e-28   336
  8.250576e-01   5.009246e-27   1.101437e-04   3.696304e-28   288
  8.261708e-01   5.191229e-27   3.427692e-04   2.680312e-28   552
  8.277012e-01   6.849308e-27   1.835347e-08   8.490220e-28   72
  8.284882e-01   5.075925e-27   3.404572e-04   3.192250e-28   504
  8.294074e-01   2.611246e-27   1.095558e-04   1.882493e-28   216
  8.305983e-01   3.733651e-27   1.956043e-04   2.811414e-28   312
  8.316675e-01   3.886753e-27   2.227263e-04   2.699354e-28   336
  8.326865e-01   3.255298e-27   3.087236e-04   3.055939e-28   204
  8.337014e-01   7.007079e-27   3.587838e-04   4.954459e-28   504
  8.347777e-01   5.972794e-27   3.416652e-04   4.023443e-28   396
  8.358127e-01   4.869560e-27   3.133249e-04   3.719935e-28   312
  8.370674e-01   6.846865e-27   1.914750e-04   6.329793e-28   216
  8.379516e-01   4.296630e-27   1.039172e-04   4.055247e-28   168
  8.390260e-01   4.244859e-27   2.623966e-04   2.354610e-28   588
  8.402521e-01   3.105361e-27   3.561727e-04   3.199953e-28   240
  8.412047e-01   2.863866e-27   3.145601e-04   2.320257e-28   264
  8.423219e-01   3.503566e-27   3.890183e-04   2.661862e-28   288
  8.433131e-01   3.950842e-27   1.942596e-04   3.703444e-28   288
  8.445693e-01   3.090045e-27   1.824406e-04   2.360758e-28   288
  8.454153e-01   3.074136e-27   2.113423e-04   2.745385e-28   192
  8.464795e-01   2.133674e-27   2.248894e-04   1.524247e-28   264
  8.474933e-01   6.226929e-27   3.699119e-04   3.907097e-28   372
  8.485844e-01   6.429191e-27   3.995208e-04   4.830139e-28   360
  8.499161e-01   5.894198e-27   1.690810e-04   7.513158e-28   144
  8.506044e-01   3.506133e-27   2.348461e-04   3.458027e-28   296
  8.516909e-01   3.638281e-27   2.530345e-04   2.830409e-28   288
  8.529347e-01   3.638543e-27   3.781537e-04   2.261335e-28   480
  8.540076e-01   2.533995e-27   3.142096e-04   3.502279e-28   192
  8.550509e-01   4.506332e-27   3.370327e-04   4.521531e-28   192
  8.559992e-01   3.261875e-27   2.147949e-04   2.906407e-28   288
  8.573180e-01   1.590075e-27   1.869760e-04   1.523923e-28   108
  8.579823e-01   3.277780e-27   1.797545e-04   2.468932e-28   240
  8.591554e-01   2.351304e-27   3.353363e-04   2.193417e-28   384
  8.603605e-01   3.512157e-27   4.090723e-04   3.811610e-28   108
  8.614261e-01   4.420121e-27   2.398466e-04   2.667138e-28   348
  8.625466e-01   3.140576e-27   2.503134e-04   3.093439e-28   312
  8.635474e-01   2.949579e-27   2.432319e-04   5.729702e-28   96
  8.644677e-01   2.795318e-27   3.238194e-04   2.072300e-28   384
  8.654984e-01   3.007746e-27   2.227222e-04   3.267882e-28   144
  8.665066e-01   3.053747e-27   3.422225e-04   2.201105e-28   408
  8.677598e-01   1.413192e-27   1.526554e-04   1.279606e-28   144
  8.689437e-01   2.951845e-27   2.934816e-04   3.178889e-28   192
  8.696459e-01   3.906418e-27   3.303190e-04   3.169180e-28   144
  8.707904e-01   1.586241e-27   2.685615e-04   1.605082e-28   144
  8.718702e-01   2.648074e-27   3.282257e-04   2.051691e-28   336
  8.731927e-01   1.513006e-27   2.428454e-04   1.131214e-28   240
  8.740312e-01   1.668237e-27   1.102739e-04   2.611479e-28   96
  8.752007e-01   3.405253e-27   3.233803e-04   2.957160e-28   372
  8.763838e-01   2.348824e-27   3.846540e-04   3.724271e-28   132
  8.774230e-01   1.519441e-27   2.380193e-04   1.029464e-28   264
  8.783527e-01   3.049952e-27   1.827880e-04   3.592195e-28   168
  8.793449e-01   2.557332e-27   2.922429e-04   2.124996e-28   216
  8.802213e-01   2.317916e-27   1.787978e-04   3.940836e-28   216
  8.814979e-01   8.950418e-28   3.280196e-04   8.053884e-29   96
  8.826561e-01   3.400833e-27   2.140028e-04   5.120328e-28   120
  8.837183e-01   1.767488e-27   2.720578e-04   1.633454e-28   216
  8.845934e-01   1.465569e-27   1.188902e-04   1.403698e-28   200
  8.857519e-01   1.839639e-27   3.077557e-04   1.960928e-28   288
  8.872378e-01   6.273538e-28   8.097649e-05   4.802385e-29   144
  8.878635e-01   2.165238e-27   2.519939e-04   2.878219e-28   168
  8.891412e-01   3.074149e-27   2.835956e-04   4.833453e-28   159
  8.901386e-01   1.305687e-27   2.975600e-04   1.259483e-28   174
  8.911039e-01   1.395213e-27   2.698170e-04   1.275321e-28   144
  8.923678e-01   2.115572e-27   1.557998e-04   2.045780e-28   222
  8.932131e-01   1.170434e-27   1.572158e-04   1.280101e-28   168
  8.946732e-01   2.592327e-27   3.448346e-04   3.950024e-28   30
  8.952763e-01   4.332951e-28   3.044637e-04   3.896882e-29   72
  8.964123e-01   1.193132e-27   2.717302e-04   1.296872e-28   258
  8.976612e-01   1.035714e-27   1.701916e-04   8.245767e-29   264
  8.982857e-01   1.543247e-27   0.000000e+00   2.335557e-28   72
  8.995871e-01   6.878639e-28   3.373270e-04   7.219410e-29   174
  9.007654e-01   1.094750e-27   3.591909e-04   1.228415e-28   168
  9.017127e-01   3.225127e-28   1.123916e-08   2.305087e-29   48
  9.027297e-01   7.122298e-28   2.028435e-04   1.066940e-28   150
  9.039088e-01   1.479864e-27   3.731453e-04   1.144646e-28   168
  9.050911e-01   7.110798e-28   2.273028e-04   5.327068e-29   144
  9.061784e-01   1.708807e-27   2.123525e-04   2.565597e-28   102
  9.069882e-01   3.862038e-28   3.143182e-04   3.510056e-29   96
  9.082731e-01   3.643785e-28   3.119397e-04   2.898345e-29   120
  9.092246e-01   2.587591e-28   3.345635e-04   1.352306e-29   168
  9.102538e-01   1.524415e-27   2.470487e-04   1.167590e-28   126
  9.111308e-01   1.035450e-27   1.863241e-04   1.284711e-28   168
  9.123389e-01   4.904887e-28   2.987709e-04   4.540288e-29   72
  9.133947e-01   4.646331e-28   3.741278e-04   2.911320e-29   168
  9.143196e-01   1.337424e-27   1.025668e-04   3.217695e-28   78
  9.155870e-01   4.156733e-28   1.684070e-04   3.380518e-29   60
  9.166075e-01   1.691355e-27   2.731835e-04   2.023346e-28   96
  9.176659e-01   6.022653e-28   3.314854e-04   4.555825e-29   168
  9.186605e-01   6.089550e-28   2.097511e-04   1.331244e-28   86
  9.197042e-01   2.473434e-28   1.874678e-04   2.537002e-29   120
  9.212002e-01   3.985070e-28   1.336894e-04   2.915254e-29   168
  9.220069e-01   2.819239e-28   0.000000e+00   3.240085e-29   48
  9.230934e-01   8.355864e-28   2.435676e-04   7.605039e-29   120
  9.237177e-01   4.937186e-28   1.776924e-04   6.957859e-29   126
  9.252418e-01   5.541771e-28   3.125113e-04   5.083804e-29   96
  9.262310e-01   5.088528e-28   9.011285e-05   4.293716e-29   96
  9.270111e-01   3.429086e-28   0.000000e+00   2.948692e-29   72
  9.286731e-01   3.505372e-28   1.123916e-08   5.429527e-29   24
  9.297104e-01   5.970936e-28   1.854501e-04   8.534684e-29   120
  9.305196e-01   5.539242e-28   2.705147e-04   6.590583e-29   126
  9.314194e-01   2.625628e-28   2.255107e-04   3.000739e-29   96
  9.324708e-01   1.670243e-28   3.897482e-04   1.016482e-29   72
  9.336415e-01   2.480347e-28   1.685792e-04   1.813229e-29   144
  9.346046e-01   3.100253e-28   9.723254e-05   3.153109e-29   72
  9.355666e-01   4.271577e-28   1.942081e-04   1.113581e-28   54
  9.364132e-01   5.109391e-28   1.711436e-04   7.762790e-29   108
  9.381728e-01   5.495048e-28   1.677650e-04   6.095271e-29   72
  9.387206e-01   3.947888e-28   9.680617e-05   4.691417e-29   72
  9.400202e-01   3.660005e-28   1.946680e-08   4.806767e-29   24
  9.412498e-01   1.118110e-28   2.047976e-04   1.242344e-29   48
  9.419964e-01   3.519791e-28   1.560029e-04   6.277707e-29   102
  9.431203e-01   2.693769e-28   3.528137e-04   2.486862e-29   168
  9.445889e-01   1.443265e-28   1.924163e-04   1.412309e-29   72
  9.451330e-01   1.923912e-28   0.000000e+00   2.581319e-29   48
  9.462744e-01   2.605766e-28   3.309678e-04   1.542104e-29   120
  9.477807e-01   1.945148e-28   2.033864e-04   1.240240e-29   96
  9.492033e-01   8.023722e-28   2.202416e-08   2.627623e-28   30
  9.508942e-01   4.339998e-28   9.555995e-05   4.208138e-29   72
  9.516372e-01   2.294054e-28   1.123916e-08   3.890370e-29   24
  9.525916e-01   1.103775e-28   1.416435e-04   9.847232e-30   56
  9.536606e-01   7.505022e-29   2.021324e-04   4.993584e-30   96
  9.549399e-01   1.821967e-28   2.232036e-04   1.330059e-29   144
  9.559263e-01   3.107428e-28   1.267263e-04   8.284541e-29   54
  9.573592e-01   1.707519e-28   1.898493e-04   1.063279e-29   108
  9.588012e-01   3.804761e-28   1.005243e-04   5.467570e-29   48
  9.601739e-01   1.918294e-28   3.785063e-04   1.518386e-29   72
  9.634680e-01   2.507354e-28   2.500803e-04   2.888848e-29   78
  9.643808e-01   6.745089e-29   1.884669e-04   6.484060e-30   72
  9.654462e-01   9.031132e-29   1.882329e-04   6.476459e-30   72
  9.665603e-01   1.623147e-28   4.542266e-04   1.814758e-29   96
  9.674408e-01   1.115374e-28   1.878449e-04   8.076936e-30   72
  9.685029e-01   1.383359e-28   0.000000e+00   2.261051e-29   24
  9.695638e-01   1.518080e-28   3.748416e-04   1.140513e-29   72
  9.719599e-01   1.648523e-28   2.380359e-04   1.232340e-29   30
  9.724755e-01   2.102548e-28   0.000000e+00   2.382392e-29   24
  9.752466e-01   5.288634e-29   1.976584e-04   5.859015e-30   48
  9.761159e-01   9.719990e-29   4.253608e-04   7.787869e-30   120
  9.772870e-01   7.050964e-29   1.859776e-04   6.014640e-30   72
  9.784697e-01   8.661738e-29   1.857528e-04   9.683671e-30   36
  9.792826e-01   1.109627e-28   3.671339e-04   1.842780e-29   78
  9.815513e-01   1.180583e-28   1.963888e-04   1.474084e-29   48
  9.844928e-01   2.304326e-28   0.000000e+00   2.572218e-29   24
  9.865884e-01   4.180011e-29   1.367612e-04   3.764900e-30   56
  9.876436e-01   6.166167e-29   2.104496e-04   6.089297e-30   102
  9.889860e-01   7.787798e-29   1.498555e-08   6.887664e-30   72
  9.897653e-01   8.988239e-29   0.000000e+00   1.432057e-29   24
  9.911277e-01   6.725739e-29   1.944913e-04   6.929751e-30   48
  9.936528e-01   1.198539e-28   0.000000e+00   2.127026e-29   24
  9.967520e-01   1.432157e-28   0.000000e+00   2.785840e-29   6
  9.977185e-01   2.740135e-29   0.000000e+00   3.436079e-30   24
  9.983623e-01   4.928797e-29   1.820511e-04   3.461705e-30   72
  9.995384e-01   4.732257e-29   3.396336e-04   3.211074e-30   84
  1.000805e+00   6.807419e-29   0.000000e+00   1.181638e-29   24
  1.001190e+00   4.611619e-29   0.000000e+00   5.760749e-30   24
  1.003114e+00   8.001579e-29   1.123916e-08   1.080521e-29   24
  1.005800e+00   1.384878e-28   0.000000e+00   4.080592e-29   6
  1.009244e+00   3.820749e-29   1.910001e-04   3.571587e-30   48
  1.010072e+00   3.430159e-29   3.598129e-04   2.859385e-30   72
  1.011152e+00   4.850617e-29   1.906396e-04   4.787206e-30   48
  1.012867e+00   5.487415e-29   0.000000e+00   9.664888e-30   24
  1.015148e+00   1.417466e-28   1.123916e-08   4.303763e-29   6
  1.020262e+00   1.657836e-29   0.000000e+00   5.137260e-30   8
  1.020640e+00   2.961671e-29   1.123916e-08   2.548977e-30   48
  1.021546e+00   3.411400e-29   1.848806e-04   2.739764e-30   60
  1.022904e+00   4.120671e-29   0.000000e+00   6.957661e-30   24
  1.024787e+00   4.841605e-29   0.000000e+00   5.149250e-30   6
  1.031723e+00   2.879684e-29   0.000000e+00   3.598133e-30   24
  1.032283e+00   2.847569e-29   1.867372e-04   2.874405e-30   48
  1.033217e+00   3.693995e-29   0.000000e+00   4.593732e-30   24
  1.034708e+00   2.965700e-29   1.123916e-08   6.709597e-30   6
  1.043181e+00   2.239867e-29   1.742080e-04   2.884503e-30   36
  1.043797e+00   2.340015e-29   0.000000e+00   2.479937e-30   24
  1.044904e+00   4.250206e-29   0.000000e+00   7.766993e-30   6
  1.054545e+00   2.019031e-29   1.583190e-04   2.123867e-30   32
  1.055367e+00   2.528971e-29   1.123916e-08   3.824713e-30   6
  1.065728e+00   3.544891e-29   0.000000e+00   5.657768e-30   12
  1.066089e+00   9.384357e-30   0.000000e+00   2.411975e-30   6
  1.077063e+00   1.087361e-29   1.589457e-08   3.058391e-30   6
