# power spectrum of phi
# redshift z=50.000000
# k              Pk             sigma(k)       sigma(Pk)      count
  1.963495e-02   1.710974e-10   0.000000e+00   6.893154e-11   6
  2.776802e-02   6.999810e-11   0.000000e+00   1.396468e-11   12
  3.400874e-02   4.020195e-11   3.725290e-10   8.188273e-12   8
  3.926991e-02   1.103678e-10   0.000000e+00   1.187022e-11   6
  4.390509e-02   6.564858e-11   0.000000e+00   2.091430e-11   24
  4.809562e-02   8.349970e-11   7.024475e-10   1.407991e-11   24
  5.553604e-02   3.196692e-11   0.000000e+00   1.436524e-11   12
  5.890486e-02   3.518398e-11   7.947286e-10   6.439437e-12   30
  6.209118e-02   4.268718e-11   0.000000e+00   9.393324e-12   24
  6.512178e-02   3.713731e-11   1.216675e-09   9.204741e-12   24
  6.801748e-02   4.098985e-11   7.450581e-10   8.281561e-12   8
  7.079483e-02   3.371873e-11   9.934107e-10   4.197121e-12   24
  7.346727e-02   3.031283e-11   0.000000e+00   4.260756e-12   48
  7.853982e-02   3.389690e-11   0.000000e+00   1.489673e-11   6
  8.095699e-02   2.539166e-11   1.404895e-09   3.554179e-12   48
  8.330406e-02   2.263792e-11   0.000000e+00   2.367142e-12   36
  8.558678e-02   3.057886e-11   9.934107e-10   6.397629e-12   24
  8.781018e-02   1.746913e-11   0.000000e+00   2.990070e-12   24
  8.997866e-02   1.491491e-11   0.000000e+00   2.020592e-12   48
  9.209610e-02   2.166800e-11   1.404895e-09   3.077148e-12   24
  9.619124e-02   1.630462e-11   1.404895e-09   2.553516e-12   24
  9.817477e-02   1.075857e-11   0.000000e+00   1.759945e-12   30
  1.001190e-01   1.125866e-11   0.000000e+00   1.231519e-12   72
  1.020262e-01   1.093527e-11   1.490116e-09   2.239999e-12   32
  1.057375e-01   1.349659e-11   0.000000e+00   1.552606e-12   72
  1.075451e-01   8.284573e-12   0.000000e+00   1.210451e-12   48
  1.110721e-01   4.164149e-12   0.000000e+00   1.234575e-12   12
  1.127942e-01   8.191770e-12   0.000000e+00   1.223562e-12   48
  1.144905e-01   7.121193e-12   0.000000e+00   7.000700e-13   48
  1.161620e-01   9.450727e-12   1.404895e-09   1.193443e-12   48
  1.178097e-01   1.122744e-11   1.589457e-09   1.962322e-12   30
  1.194348e-01   1.050454e-11   1.404895e-09   2.358286e-12   24
  1.210380e-01   1.036845e-11   2.961779e-09   1.064088e-12   72
  1.241824e-01   6.143888e-12   0.000000e+00   1.167701e-12   24
  1.257251e-01   8.979148e-12   0.000000e+00   8.742783e-13   96
  1.272490e-01   6.808556e-12   0.000000e+00   9.081224e-13   48
  1.287550e-01   5.573921e-12   2.433349e-09   1.360434e-12   24
  1.302436e-01   4.156766e-12   2.433349e-09   8.552996e-13   24
  1.317153e-01   9.617612e-12   0.000000e+00   1.168277e-12   72
  1.331707e-01   7.289883e-12   0.000000e+00   1.118779e-12   48
  1.360350e-01   5.815778e-12   1.490116e-09   1.720129e-12   8
  1.374447e-01   8.956831e-12   1.766064e-09   1.089139e-12   54
  1.388401e-01   5.769901e-12   0.000000e+00   9.841266e-13   84
  1.402216e-01   6.518360e-12   0.000000e+00   9.391630e-13   48
  1.415897e-01   3.892076e-12   1.986821e-09   6.893910e-13   24
  1.429446e-01   5.167797e-12   1.873193e-09   6.060766e-13   72
  1.442869e-01   6.637916e-12   0.000000e+00   7.501928e-13   96
  1.469345e-01   8.469282e-12   0.000000e+00   9.212376e-13   48
  1.482407e-01   4.627221e-12   0.000000e+00   4.354671e-13   48
  1.495354e-01   4.097713e-12   1.986821e-09   7.967481e-13   24
  1.508189e-01   4.440678e-12   0.000000e+00   4.817444e-13   72
  1.533539e-01   4.301856e-12   1.873193e-09   5.062395e-13   72
  1.546058e-01   4.224900e-12   0.000000e+00   4.805525e-13   96
  1.570796e-01   6.279651e-12   0.000000e+00   2.753226e-12   6
  1.583021e-01   4.602963e-12   0.000000e+00   4.561745e-13   96
  1.595151e-01   4.662359e-12   1.986821e-09   4.965468e-13   96
  1.607190e-01   2.994617e-12   0.000000e+00   7.110147e-13   24
  1.619140e-01   3.366283e-12   2.809790e-09   3.966234e-13   48
  1.631002e-01   3.412156e-12   0.000000e+00   3.422534e-13   96
  1.642778e-01   3.621150e-12   0.000000e+00   4.892554e-13   48
  1.666081e-01   3.315369e-12   0.000000e+00   5.970965e-13   36
  1.677611e-01   3.300690e-12   3.441276e-09   4.095965e-13   48
  1.689063e-01   3.585385e-12   3.893359e-09   3.189716e-13   120
  1.700437e-01   3.100668e-12   0.000000e+00   4.067982e-13   56
  1.711736e-01   1.691512e-12   1.986821e-09   2.968012e-13   24
  1.722960e-01   2.485921e-12   0.000000e+00   2.208738e-13   96
  1.734112e-01   2.583767e-12   0.000000e+00   3.308971e-13   48
  1.756204e-01   3.277358e-12   0.000000e+00   6.057476e-13   24
  1.767146e-01   3.399635e-12   0.000000e+00   3.392351e-13   102
  1.778021e-01   3.757505e-12   0.000000e+00   5.687909e-13   48
  1.788829e-01   3.240271e-12   0.000000e+00   3.263204e-13   72
  1.799573e-01   2.924425e-12   0.000000e+00   2.934382e-13   48
  1.810253e-01   3.291599e-12   0.000000e+00   6.013784e-13   48
  1.820871e-01   2.685035e-12   4.495664e-09   2.449364e-13   120
  1.841922e-01   3.774324e-12   2.809790e-09   6.223305e-13   24
  1.852358e-01   2.342283e-12   2.649095e-09   1.964127e-13   144
  1.862735e-01   2.362577e-12   3.178914e-09   2.303552e-13   120
  1.873055e-01   2.011984e-12   2.809790e-09   2.824087e-13   48
  1.893526e-01   2.715937e-12   2.809790e-09   3.619497e-13   48
  1.903679e-01   2.216479e-12   2.809790e-09   2.230991e-13   96
  1.930487e-01   2.761835e-12   4.711199e-04   3.258017e-13   72
  1.943761e-01   2.114800e-12   3.532127e-09   1.591965e-13   108
  1.953653e-01   2.408735e-12   0.000000e+00   2.556727e-13   72
  1.963495e-01   1.558511e-12   0.000000e+00   3.142516e-13   30
  1.973288e-01   2.467729e-12   0.000000e+00   1.896593e-13   168
  1.983033e-01   2.637826e-12   0.000000e+00   3.058034e-13   48
  2.002380e-01   1.682834e-12   0.000000e+00   1.994814e-13   72
  2.011984e-01   2.255833e-12   0.000000e+00   2.160220e-13   96
  2.021542e-01   2.109055e-12   5.298191e-09   3.231002e-13   72
  2.031055e-01   2.399441e-12   0.000000e+00   2.557504e-13   72
  2.047049e-01   2.197720e-12   4.350048e-04   1.688294e-13   104
  2.059331e-01   2.013877e-12   3.746387e-09   1.486299e-13   144
  2.087224e-01   1.389567e-12   6.282881e-09   1.320254e-13   96
  2.096439e-01   1.389982e-12   0.000000e+00   1.435746e-13   96
  2.111095e-01   1.935958e-12   4.475232e-04   1.786736e-13   120
  2.123845e-01   1.620456e-12   0.000000e+00   1.444768e-13   120
  2.132902e-01   1.950055e-12   0.000000e+00   2.109153e-13   72
  2.150901e-01   1.995423e-12   0.000000e+00   2.636010e-13   48
  2.159845e-01   1.956509e-12   4.235416e-09   2.303086e-13   78
  2.171286e-01   2.040353e-12   4.007142e-04   1.597298e-13   168
  2.195255e-01   1.828048e-12   3.746387e-09   1.554659e-13   144
  2.204018e-01   1.990360e-12   3.746387e-09   1.425479e-13   144
  2.229436e-01   1.657166e-12   2.307791e-04   1.460935e-13   156
  2.238729e-01   1.292179e-12   4.866699e-09   2.513279e-13   48
  2.247323e-01   1.485017e-12   3.178914e-09   1.391973e-13   120
  2.255884e-01   1.011586e-12   0.000000e+00   1.046899e-13   48
  2.271022e-01   1.535486e-12   3.532495e-04   1.077269e-13   216
  2.289809e-01   1.216682e-12   0.000000e+00   1.437852e-13   48
  2.298212e-01   1.206933e-12   2.809790e-09   1.033619e-13   96
  2.310160e-01   1.361242e-12   4.128272e-04   1.192790e-13   168
  2.323239e-01   1.077349e-12   2.809790e-09   1.535863e-13   48
  2.331522e-01   1.487876e-12   0.000000e+00   1.486597e-13   96
  2.339775e-01   1.259515e-12   0.000000e+00   2.276861e-13   48
  2.356194e-01   1.551875e-12   3.178914e-09   1.585606e-13   30
  2.364362e-01   1.028910e-12   2.809790e-09   8.414343e-14   96
  2.374123e-01   1.259924e-12   3.244455e-04   8.710270e-14   240
  2.386674e-01   1.916437e-12   3.500299e-04   2.759976e-13   32
  2.396752e-01   9.354729e-13   0.000000e+00   6.781697e-14   168
  2.404781e-01   1.101639e-12   0.000000e+00   1.062949e-13   120
  2.420760e-01   9.243364e-13   5.923557e-09   1.099038e-13   72
  2.428710e-01   1.384885e-12   3.746387e-09   1.272431e-13   144
  2.436634e-01   1.026744e-12   0.000000e+00   9.953949e-14   96
  2.444532e-01   1.275996e-12   0.000000e+00   1.021893e-13   96
  2.460253e-01   1.486511e-12   4.588368e-09   1.830796e-13   72
  2.468075e-01   1.067976e-12   3.973643e-09   1.046065e-13   96
  2.483647e-01   1.211639e-12   0.000000e+00   2.218177e-13   24
  2.491396e-01   1.190614e-12   0.000000e+00   8.361308e-14   192
  2.500522e-01   1.114900e-12   2.970416e-04   8.398302e-14   132
  2.514501e-01   1.220260e-12   0.000000e+00   1.048816e-13   96
  2.522156e-01   8.184397e-13   0.000000e+00   8.223367e-14   96
  2.529787e-01   1.051306e-12   3.178914e-09   8.582659e-14   120
  2.544981e-01   1.126232e-12   0.000000e+00   1.522455e-13   48
  2.557435e-01   8.165424e-13   3.599905e-04   5.068773e-14   222
  2.567603e-01   1.024075e-12   0.000000e+00   9.453264e-14   120
  2.575100e-01   9.793144e-13   4.866699e-09   1.975777e-13   24
  2.586015e-01   1.199807e-12   3.715625e-04   6.658549e-14   312
  2.609797e-01   1.284840e-12   3.483547e-04   1.350349e-13   72
  2.619630e-01   8.791689e-13   2.809790e-09   1.079743e-13   96
  2.629726e-01   1.086887e-12   3.547511e-04   8.588729e-14   192
  2.641613e-01   9.455025e-13   4.495664e-09   9.971354e-14   120
  2.648900e-01   9.633078e-13   0.000000e+00   9.376621e-14   144
  2.663415e-01   8.887674e-13   0.000000e+00   1.260401e-13   48
  2.673732e-01   8.406127e-13   3.567146e-04   5.046022e-14   336
  2.685040e-01   9.267641e-13   0.000000e+00   1.169738e-13   48
  2.699360e-01   8.605441e-13   0.000000e+00   7.934620e-14   192
  2.706492e-01   8.138412e-13   0.000000e+00   9.782631e-14   48
  2.726764e-01   8.372848e-13   2.476067e-04   1.008261e-13   56
  2.736844e-01   8.504610e-13   3.180112e-04   4.650087e-14   336
  2.748894e-01   8.604517e-13   3.532127e-09   1.267948e-13   54
  2.759390e-01   7.802401e-13   3.492904e-04   4.847050e-14   240
  2.781181e-01   7.869837e-13   3.344484e-04   6.173064e-14   228
  2.790651e-01   8.644594e-13   3.746387e-09   1.105239e-13   72
  2.799844e-01   8.985681e-13   3.244231e-04   6.599520e-14   144
  2.811298e-01   7.596096e-13   0.000000e+00   7.237214e-14   96
  2.818146e-01   7.390208e-13   4.495664e-09   4.865667e-14   240
  2.831793e-01   6.276866e-13   3.973643e-09   1.163471e-13   24
  2.840530e-01   7.622836e-13   3.064151e-04   4.362940e-14   336
  2.852142e-01   6.234219e-13   0.000000e+00   7.236287e-14   72
  2.862741e-01   8.652952e-13   3.332831e-04   6.286605e-14   168
  2.872346e-01   6.215241e-13   0.000000e+00   5.886240e-14   72
  2.885737e-01   9.237641e-13   0.000000e+00   8.973314e-14   96
  2.896108e-01   6.515441e-13   3.307829e-04   4.594672e-14   216
  2.905708e-01   5.344140e-13   3.973643e-09   4.046135e-14   96
  2.918946e-01   6.512846e-13   0.000000e+00   4.178534e-14   192
  2.925542e-01   6.566533e-13   3.746387e-09   5.112909e-14   144
  2.938691e-01   6.039615e-13   0.000000e+00   7.685807e-14   48
  2.947794e-01   6.890666e-13   3.189136e-04   4.805967e-14   246
  2.960164e-01   8.280470e-13   2.940434e-04   6.284090e-14   168
  2.971308e-01   6.680466e-13   5.506041e-09   7.467641e-14   120
  2.977788e-01   5.501438e-13   0.000000e+00   3.792217e-14   240
  2.990707e-01   4.367702e-13   3.973643e-09   8.864171e-14   24
  3.001001e-01   6.089352e-13   3.147475e-04   3.615720e-14   360
  3.013820e-01   6.576429e-13   3.134082e-04   5.136094e-14   120
  3.022763e-01   6.521112e-13   0.000000e+00   5.362041e-14   144
  3.029133e-01   7.137662e-13   0.000000e+00   6.117269e-14   96
  3.048165e-01   6.318037e-13   0.000000e+00   4.787937e-14   144
  3.054482e-01   6.981276e-13   0.000000e+00   6.054803e-14   132
  3.063360e-01   5.739926e-13   3.093292e-04   4.216831e-14   176
  3.076248e-01   5.838198e-13   3.123602e-04   3.095308e-14   312
  3.092116e-01   7.765960e-13   0.000000e+00   1.120953e-13   96
  3.098343e-01   5.147412e-13   0.000000e+00   4.555012e-14   144
  3.107899e-01   5.931579e-13   3.092271e-04   3.475061e-14   312
  3.123131e-01   6.050698e-13   0.000000e+00   5.989861e-14   48
  3.129297e-01   5.084353e-13   3.973643e-09   3.640910e-14   192
  3.141593e-01   2.538045e-13   0.000000e+00   7.796453e-14   6
  3.149762e-01   4.784587e-13   2.884066e-04   2.568887e-14   288
  3.162994e-01   4.961536e-13   3.047203e-04   3.651551e-14   192
  3.172124e-01   4.645663e-13   7.064254e-09   2.967058e-14   216
  3.178195e-01   5.578825e-13   0.000000e+00   7.433644e-14   72
  3.193321e-01   4.996549e-13   3.018264e-04   4.228687e-14   192
  3.203366e-01   5.939612e-13   2.241224e-04   3.651013e-14   288
  3.214381e-01   4.854080e-13   0.000000e+00   9.396514e-14   24
  3.222890e-01   5.374022e-13   2.952626e-04   2.600277e-14   456
  3.238280e-01   3.650595e-13   0.000000e+00   5.521889e-14   48
  3.247789e-01   5.008388e-13   2.908218e-04   3.533033e-14   240
  3.258718e-01   5.850750e-13   2.939082e-04   3.846768e-14   216
  3.267908e-01   4.460886e-13   0.000000e+00   5.344563e-14   72
  3.273801e-01   4.265274e-13   1.015467e-08   3.472807e-14   168
  3.290441e-01   5.024443e-13   2.184577e-04   3.169548e-14   288
  3.299773e-01   5.138480e-13   2.890570e-04   3.661128e-14   168
  3.314762e-01   5.474647e-13   0.000000e+00   4.142421e-14   192
  3.320572e-01   4.274059e-13   3.746387e-09   3.039746e-14   144
  3.332162e-01   6.275287e-13   0.000000e+00   8.007698e-14   36
  3.341991e-01   3.793089e-13   2.639705e-04   1.976729e-14   342
  3.351389e-01   4.440755e-13   2.710657e-04   3.731751e-14   144
  3.363470e-01   4.397898e-13   2.842800e-04   2.383593e-14   384
  3.378125e-01   5.184922e-13   7.786718e-09   4.932971e-14   120
  3.385379e-01   5.083110e-13   2.534951e-04   3.021453e-14   264
  3.395201e-01   4.190160e-13   1.256576e-08   3.018523e-14   192
  3.404451e-01   4.330722e-13   2.731894e-04   3.279662e-14   152
  3.412191e-01   4.058035e-13   3.746387e-09   3.703486e-14   144
  3.428472e-01   3.343360e-13   1.768108e-04   2.430672e-14   216
  3.436008e-01   4.692147e-13   2.362665e-04   2.533658e-14   312
  3.449274e-01   3.975802e-13   2.738281e-04   2.260451e-14   240
  3.457090e-01   4.447416e-13   3.973643e-09   4.489822e-14   96
  3.471927e-01   3.561295e-13   2.617995e-04   2.850909e-14   144
  3.481071e-01   4.000175e-13   2.573258e-04   1.977236e-14   456
  3.495904e-01   2.982921e-13   0.000000e+00   1.941128e-14   120
  3.501414e-01   3.440037e-13   0.000000e+00   3.144127e-14   144
  3.512407e-01   2.792471e-13   0.000000e+00   4.518517e-14   24
  3.519456e-01   3.744725e-13   2.473498e-04   1.893001e-14   336
  3.531645e-01   3.564235e-13   2.727931e-04   2.651311e-14   198
  3.543067e-01   3.825493e-13   2.652756e-04   2.199370e-14   432
  3.556041e-01   4.825224e-13   0.000000e+00   4.955402e-14   48
  3.562810e-01   4.476998e-13   2.341925e-04   2.362210e-14   384
  3.574963e-01   3.815375e-13   2.696052e-04   3.218300e-14   144
  3.585975e-01   4.504362e-13   2.676825e-04   3.163836e-14   264
  3.599147e-01   3.153693e-13   3.973643e-09   2.998695e-14   48
  3.607984e-01   3.658493e-13   2.545223e-04   2.235636e-14   276
  3.616510e-01   3.409919e-13   2.307176e-04   2.946379e-14   192
  3.627906e-01   3.424679e-13   2.592759e-04   1.447148e-14   552
  3.641741e-01   2.450956e-13   4.495664e-09   2.327515e-14   120
  3.649965e-01   3.191230e-13   2.624511e-04   2.174154e-14   216
  3.657587e-01   3.175489e-13   6.357829e-09   2.482541e-14   120
  3.671201e-01   3.827987e-13   2.584500e-04   1.902977e-14   408
  3.683844e-01   2.415617e-13   5.619580e-09   3.133871e-14   24
  3.691684e-01   3.114556e-13   2.610810e-04   1.966970e-14   384
  3.702633e-01   2.682958e-13   2.550855e-04   1.765373e-14   240
  3.712141e-01   3.099425e-13   2.569535e-04   2.155475e-14   168
  3.725471e-01   2.418952e-13   0.000000e+00   2.390786e-14   120
  3.734064e-01   3.245057e-13   2.678605e-04   1.803591e-14   350
  3.748037e-01   3.354835e-13   4.409502e-04   1.927980e-14   384
  3.756388e-01   3.667844e-13   0.000000e+00   3.731432e-14   144
  3.771752e-01   2.741135e-13   0.000000e+00   1.772547e-14   288
  3.779773e-01   2.855945e-13   2.524053e-04   1.570020e-14   336
  3.790686e-01   3.072957e-13   2.297941e-04   2.346317e-14   168
  3.797219e-01   3.208654e-13   1.015467e-08   2.128527e-14   336
  3.810732e-01   2.493040e-13   2.385126e-04   1.447027e-14   288
  3.818848e-01   2.826940e-13   2.247398e-04   1.680458e-14   264
  3.832590e-01   2.794978e-13   0.000000e+00   1.794432e-14   240
  3.837616e-01   2.757236e-13   5.619580e-09   2.356055e-14   96
  3.855656e-01   3.164879e-13   3.056310e-04   1.826033e-14   360
  3.864075e-01   2.919523e-13   2.253025e-04   2.822582e-14   168
  3.874713e-01   2.816765e-13   2.456032e-04   1.328226e-14   456
  3.887523e-01   2.541296e-13   4.995182e-09   2.226312e-14   108
  3.894728e-01   2.292435e-13   2.464311e-04   1.518585e-14   264
  3.903716e-01   2.489326e-13   2.198567e-04   1.769467e-14   264
  3.916025e-01   2.901409e-13   2.074668e-04   1.590474e-14   312
  3.931351e-01   2.888310e-13   1.541705e-04   2.052054e-14   270
  3.937775e-01   2.738366e-13   1.957388e-04   2.122328e-14   240
  3.949323e-01   2.817326e-13   2.421536e-04   1.621496e-14   384
  3.956334e-01   2.227731e-13   5.619580e-09   1.495429e-14   192
  3.969952e-01   2.915597e-13   1.942960e-04   2.236862e-14   240
  3.977852e-01   2.776220e-13   2.397927e-04   1.616221e-14   336
  3.992708e-01   2.655818e-13   2.413972e-04   1.178963e-14   480
  4.004761e-01   2.750125e-13   9.176735e-09   3.033006e-14   72
  4.011493e-01   2.709068e-13   2.353842e-04   2.113675e-14   240
  4.020650e-01   2.267345e-13   2.212289e-04   1.248611e-14   312
  4.031147e-01   2.077281e-13   2.390954e-04   1.360917e-14   240
  4.047009e-01   2.481396e-13   1.816506e-04   1.291173e-14   408
  4.053288e-01   2.296645e-13   1.663482e-04   1.333457e-14   336
  4.065560e-01   2.408030e-13   2.112212e-04   1.818184e-14   264
  4.071591e-01   2.374024e-13   0.000000e+00   1.951487e-14   144
  4.088370e-01   2.337519e-13   2.927651e-04   1.261167e-14   464
  4.097211e-01   1.794173e-13   2.328083e-04   1.283854e-14   168
  4.105939e-01   2.573285e-13   2.120376e-04   1.511149e-14   336
  4.121713e-01   2.302970e-13   2.227870e-04   1.352714e-14   414
  4.130606e-01   2.955195e-13   2.319080e-04   2.213913e-14   216
  4.141998e-01   3.255492e-13   5.619580e-09   3.442877e-14   96
  4.146649e-01   2.204423e-13   1.256576e-08   1.238344e-14   384
  4.162944e-01   2.381014e-13   2.314600e-04   1.184474e-14   492
  4.171676e-01   2.115520e-13   2.263480e-04   1.313814e-14   240
  4.181546e-01   1.929095e-13   2.298225e-04   1.078446e-14   312
  4.195176e-01   1.753790e-13   2.297469e-04   1.268422e-14   192
  4.203810e-01   2.227800e-13   2.226525e-04   1.099082e-14   504
  4.215265e-01   2.182418e-13   1.473998e-04   1.367168e-14   408
  4.224284e-01   2.223928e-13   4.515774e-04   1.812705e-14   168
  4.235571e-01   2.232812e-13   2.145032e-04   1.489712e-14   288
  4.245041e-01   1.945281e-13   2.238525e-04   1.332092e-14   288
  4.254743e-01   1.885020e-13   2.251410e-04   9.738089e-15   432
  4.268815e-01   2.219812e-13   2.129084e-04   1.481742e-14   216
  4.276334e-01   1.948725e-13   2.124592e-04   1.066634e-14   360
  4.289721e-01   2.182971e-13   2.073582e-04   1.322124e-14   312
  4.301803e-01   2.705359e-13   0.000000e+00   4.275357e-14   48
  4.308767e-01   1.929944e-13   2.223178e-04   1.002957e-14   432
  4.321240e-01   1.774256e-13   3.708284e-04   9.086801e-15   414
  4.328606e-01   1.915071e-13   0.000000e+00   1.218480e-14   312
  4.342347e-01   2.052444e-13   3.253813e-04   1.089934e-14   528
  4.351620e-01   2.166831e-13   1.707976e-04   1.722002e-14   264
  4.362761e-01   1.954517e-13   2.025191e-04   1.113428e-14   480
  4.377318e-01   1.913002e-13   0.000000e+00   1.114989e-14   288
  4.383604e-01   1.992563e-13   2.176005e-04   1.767963e-14   168
  4.395105e-01   2.036025e-13   3.444610e-04   9.583719e-15   504
  4.408036e-01   2.601548e-13   5.298191e-09   2.210377e-14   144
  4.416171e-01   1.659256e-13   2.212265e-04   7.954505e-15   464
  4.428396e-01   1.544095e-13   3.246624e-04   7.897685e-15   432
  4.434197e-01   2.046553e-13   0.000000e+00   1.481206e-14   192
  4.449189e-01   1.610131e-13   2.406833e-04   7.762474e-15   396
  4.458042e-01   1.664810e-13   2.162000e-04   1.041693e-14   288
  4.466990e-01   1.666471e-13   2.135686e-04   9.905670e-15   336
  4.481283e-01   1.609111e-13   1.352359e-04   8.221011e-15   432
  4.490354e-01   1.794850e-13   3.505126e-04   1.019268e-14   360
  4.500539e-01   1.692854e-13   2.073334e-04   8.012749e-15   384
  4.515004e-01   1.452499e-13   1.830116e-04   1.080730e-14   198
  4.521974e-01   1.694014e-13   2.080246e-04   7.905532e-15   552
  4.534970e-01   1.651222e-13   2.912202e-04   1.188289e-14   432
  4.545821e-01   1.817367e-13   6.422377e-09   1.448190e-14   168
  4.554927e-01   1.861480e-13   3.610065e-04   1.011803e-14   480
  4.566974e-01   1.240591e-13   6.357829e-09   1.179851e-14   120
  4.572396e-01   1.644540e-13   2.948545e-04   1.135306e-14   336
  4.585628e-01   1.626874e-13   2.080152e-04   6.976251e-15   672
  4.598711e-01   1.769460e-13   3.025866e-04   8.436129e-15   528
  4.604805e-01   1.286204e-13   0.000000e+00   8.510615e-15   168
  4.618883e-01   1.643065e-13   3.375333e-04   8.225230e-15   456
  4.627474e-01   2.006417e-13   2.061344e-04   2.448075e-14   168
  4.636392e-01   1.645507e-13   2.057643e-04   9.127907e-15   504
  4.651216e-01   1.334551e-13   2.647872e-04   8.949526e-15   336
  4.660180e-01   1.766001e-13   1.908802e-04   1.063927e-14   312
  4.670124e-01   1.611596e-13   1.865029e-04   8.825644e-15   504
  4.683210e-01   1.442211e-13   1.294009e-04   6.534004e-15   432
  4.689362e-01   1.263624e-13   1.999672e-04   6.872740e-15   312
  4.702151e-01   1.355066e-13   2.049761e-04   6.900203e-15   384
  4.715504e-01   1.727852e-13   1.741510e-04   2.035771e-14   126
  4.723748e-01   1.485652e-13   3.057676e-04   7.641102e-15   492
  4.734278e-01   1.612901e-13   1.958445e-04   8.480706e-15   528
  4.747438e-01   1.410956e-13   1.989360e-04   7.509930e-15   480
  4.755596e-01   1.676210e-13   2.748289e-04   9.717636e-15   432
  4.767402e-01   1.590386e-13   2.161166e-04   8.921637e-15   440
  4.781114e-01   1.544140e-13   1.074739e-04   9.484159e-15   312
  4.786259e-01   1.427841e-13   1.610586e-04   1.036518e-14   480
  4.796813e-01   1.427957e-13   3.153497e-04   9.073132e-15   408
  4.812233e-01   1.580970e-13   1.888588e-04   9.327799e-15   360
  4.818747e-01   1.336746e-13   1.822418e-04   7.775861e-15   408
  4.830820e-01   1.169885e-13   1.854542e-04   6.173027e-15   456
  4.844414e-01   1.449541e-13   1.772485e-04   8.756617e-15   264
  4.851959e-01   1.373857e-13   1.923591e-04   8.839714e-15   384
  4.862943e-01   1.319703e-13   3.238501e-04   6.213598e-15   672
  4.875640e-01   1.489033e-13   1.937042e-04   1.299676e-14   240
  4.882967e-01   1.249962e-13   1.965613e-04   7.165780e-15   264
  4.893308e-01   9.686736e-14   2.424259e-04   4.501058e-15   624
  4.908739e-01   1.164611e-13   0.000000e+00   1.111677e-14   150
  4.914232e-01   1.535694e-13   2.716574e-04   7.995052e-15   600
  4.925819e-01   1.240170e-13   1.874909e-04   5.983439e-15   672
  4.938939e-01   1.227793e-13   1.763484e-04   9.041322e-15   336
  4.946248e-01   1.530027e-13   1.918157e-04   9.676311e-15   408
  4.957926e-01   1.308655e-13   1.913639e-04   9.024762e-15   408
  4.970915e-01   1.208842e-13   9.676385e-05   7.050762e-15   360
  4.978921e-01   1.369249e-13   3.552857e-04   8.236430e-15   456
  4.988592e-01   1.206095e-13   1.932065e-04   7.290146e-15   384
  5.000902e-01   1.124471e-13   1.783541e-04   5.596197e-15   348
  5.007554e-01   1.334483e-13   2.198754e-04   7.062607e-15   576
  5.020050e-01   1.150545e-13   1.810385e-04   5.639777e-15   504
  5.032833e-01   1.172145e-13   2.553443e-04   6.644603e-15   432
  5.043991e-01   1.061440e-13   3.473946e-04   4.521065e-15   576
  5.051948e-01   1.077755e-13   8.173934e-09   8.014278e-15   264
  5.064571e-01   1.134175e-13   2.764393e-04   4.644296e-15   768
  5.075549e-01   1.004874e-13   3.721752e-04   6.806230e-15   240
  5.084277e-01   1.039588e-13   3.282233e-04   9.979958e-15   192
  5.096990e-01   1.002478e-13   2.416124e-04   4.556520e-15   504
  5.106418e-01   1.150834e-13   3.255818e-04   7.241783e-15   590
  5.115460e-01   1.173585e-13   3.647966e-04   7.824628e-15   384
  5.126798e-01   1.091484e-13   3.048625e-04   6.240929e-15   504
  5.140486e-01   1.291375e-13   2.933830e-04   6.342448e-15   648
  5.153764e-01   1.035499e-13   7.967896e-05   5.968764e-15   504
  5.159117e-01   1.073221e-13   1.817627e-04   6.272652e-15   312
  5.168569e-01   1.115923e-13   2.618753e-04   5.596122e-15   576
  5.181545e-01   1.207341e-13   1.822405e-04   1.066554e-14   240
  5.189109e-01   9.638519e-14   1.841453e-04   4.757822e-15   552
  5.199816e-01   1.213509e-13   1.729082e-04   7.169927e-15   600
  5.215067e-01   1.047316e-13   2.111937e-04   5.286109e-15   600
  5.224237e-01   1.039411e-13   3.382099e-04   6.640330e-15   312
  5.233368e-01   1.160350e-13   2.945474e-04   6.300446e-15   480
  5.244775e-01   1.029945e-13   1.837693e-04   5.882235e-15   576
  5.254818e-01   1.229879e-13   2.959085e-04   8.841724e-15   408
  5.263729e-01   6.838516e-14   3.451909e-04   4.143961e-15   216
  5.275243e-01   9.035067e-14   2.643774e-04   4.916467e-15   516
  5.287578e-01   1.022599e-13   2.522429e-04   4.503019e-15   744
  5.300304e-01   1.034882e-13   1.684760e-04   5.625940e-15   462
  5.307494e-01   1.000544e-13   1.712315e-04   6.639316e-15   432
  5.318647e-01   1.140721e-13   1.588547e-04   5.331935e-15   648
  5.331761e-01   1.073884e-13   2.324340e-04   6.486171e-15   528
  5.342295e-01   9.408935e-14   2.799086e-04   4.571248e-15   600
  5.352820e-01   1.358803e-13   3.528915e-04   1.557679e-14   240
  5.363014e-01   9.171386e-14   2.703115e-04   4.451141e-15   720
  5.374863e-01   1.009485e-13   2.138653e-04   4.487206e-15   720
  5.387997e-01   5.510127e-14   0.000000e+00   4.039935e-15   144
  5.394909e-01   9.682249e-14   2.757364e-04   4.352627e-15   720
  5.404742e-01   1.085018e-13   1.653370e-04   6.273829e-15   384
  5.417051e-01   8.847581e-14   1.832848e-04   4.085682e-15   672
  5.428730e-01   1.093549e-13   3.209115e-04   8.266582e-15   336
  5.434308e-01   1.079299e-13   7.492773e-09   8.861058e-15   288
  5.447967e-01   8.257283e-14   2.539800e-04   3.546090e-15   776
  5.460612e-01   8.568966e-14   2.173184e-04   3.568029e-15   720
  5.471231e-01   7.859346e-14   1.750659e-04   4.464390e-15   432
  5.479725e-01   9.939548e-14   2.495786e-04   7.696405e-15   504
  5.489174e-01   8.118427e-14   1.748652e-04   4.502082e-15   528
  5.502396e-01   8.868935e-14   2.382437e-04   5.555984e-15   438
  5.513273e-01   9.212751e-14   2.772938e-04   5.554840e-15   624
  5.521470e-01   9.873787e-14   3.396475e-04   6.980402e-15   312
  5.532738e-01   1.055220e-13   1.829935e-04   4.719545e-15   696
  5.544390e-01   9.102009e-14   1.655760e-04   5.360711e-15   552
  5.556509e-01   8.203167e-14   1.281006e-04   4.574628e-15   516
  5.564006e-01   9.940569e-14   2.558713e-04   6.159304e-15   528
  5.573133e-01   6.175749e-14   1.664001e-04   3.055314e-15   528
  5.586097e-01   8.765322e-14   2.194479e-04   4.359767e-15   864
  5.594897e-01   8.280858e-14   3.005985e-04   5.458315e-15   408
  5.603706e-01   1.049686e-13   2.978186e-04   7.226585e-15   192
  5.616191e-01   7.620134e-14   2.464592e-04   3.660144e-15   720
  5.626731e-01   7.119596e-14   2.272475e-04   3.358602e-15   696
  5.639255e-01   7.998213e-14   2.454294e-04   3.522402e-15   720
  5.650713e-01   7.742279e-14   3.326501e-04   4.414349e-15   432
  5.657395e-01   6.397813e-14   1.958109e-04   4.587977e-15   264
  5.669418e-01   7.660605e-14   2.704061e-04   3.455655e-15   672
  5.680171e-01   8.160834e-14   2.768544e-04   4.115661e-15   600
  5.692933e-01   5.760794e-14   1.620980e-04   4.092198e-15   270
  5.699366e-01   7.842091e-14   2.440026e-04   5.053621e-15   528
  5.709591e-01   8.922999e-14   1.670843e-04   3.882910e-15   840
  5.723613e-01   9.162127e-14   3.194952e-04   4.252700e-15   888
  5.736568e-01   7.075284e-14   2.380474e-04   3.216792e-15   744
  5.747517e-01   8.770069e-14   1.223216e-04   5.120823e-15   456
  5.752963e-01   1.038170e-13   1.671601e-04   5.967262e-15   360
  5.762282e-01   6.914938e-14   1.448348e-04   5.276407e-15   384
  5.776580e-01   7.601798e-14   2.323137e-04   3.181121e-15   816
  5.787308e-01   7.792532e-14   3.370546e-04   3.285707e-15   824
  5.800348e-01   7.106222e-14   1.566791e-04   5.356380e-15   360
  5.807331e-01   8.792874e-14   2.311994e-04   4.078690e-15   624
  5.816941e-01   7.733411e-14   1.562320e-04   5.160010e-15   360
  5.829744e-01   7.144989e-14   2.125215e-04   3.242198e-15   876
  5.841306e-01   6.714714e-14   2.524119e-04   3.456216e-15   696
  5.852967e-01   6.644763e-14   1.629911e-04   4.375084e-15   336
  5.859080e-01   8.458896e-14   1.628079e-04   5.998971e-15   504
  5.869176e-01   6.870362e-14   1.642187e-04   4.128099e-15   672
  5.884155e-01   6.007479e-14   3.269213e-04   2.672196e-15   720
  5.894543e-01   7.007429e-14   2.469541e-04   3.639929e-15   774
  5.906010e-01   9.718593e-14   1.413501e-04   8.304763e-15   384
  5.912015e-01   8.804940e-14   2.720183e-04   5.778005e-15   528
  5.921335e-01   7.612766e-14   2.592486e-04   3.673722e-15   744
  5.936327e-01   8.637528e-14   2.138251e-04   4.343961e-15   768
  5.946281e-01   7.494325e-14   2.400348e-04   5.118946e-15   552
  5.958700e-01   6.391914e-14   2.616108e-04   3.098038e-15   696
  5.967938e-01   8.682682e-14   3.179026e-04   5.947310e-15   408
  5.975272e-01   7.795219e-14   1.373364e-04   4.536668e-15   504
  5.986899e-01   6.720746e-14   2.467198e-04   3.286475e-15   888
  5.998339e-01   6.200113e-14   2.564132e-04   3.623827e-15   648
  6.010230e-01   6.200598e-14   2.542153e-04   3.097274e-15   648
  6.021418e-01   6.430565e-14   2.741064e-04   3.162700e-15   792
  6.033268e-01   5.796455e-14   4.010364e-04   3.104635e-15   600
  6.042000e-01   5.082772e-14   2.717856e-04   2.769640e-15   456
  6.051191e-01   6.579104e-14   1.324567e-04   3.401471e-15   648
  6.062996e-01   5.705633e-14   2.583099e-04   2.382129e-15   936
  6.075741e-01   7.434183e-14   1.586356e-04   4.235853e-15   384
  6.086836e-01   8.401467e-17   0.000000e+00   6.967548e-18   198
  6.095398e-01   8.385290e-17   4.024720e-04   2.882033e-18   1224
  6.104634e-01   7.371264e-17   2.931235e-04   4.190057e-18   420
  6.115558e-01   7.875615e-17   2.836822e-04   3.426577e-18   792
  6.126238e-01   8.131491e-17   2.345810e-04   3.462839e-18   680
  6.138428e-01   8.232367e-17   2.154033e-04   4.029980e-18   600
  6.148235e-01   8.066162e-17   3.123938e-04   3.040747e-18   840
  6.161330e-01   9.082377e-17   1.474979e-04   4.943039e-18   432
  6.166334e-01   7.785419e-17   1.382249e-04   3.314707e-18   720
  6.177213e-01   7.864726e-17   2.768404e-04   2.818546e-18   960
  6.190745e-01   8.618218e-17   2.467829e-04   4.676148e-18   528
  6.200634e-01   7.307595e-17   2.522592e-04   3.117762e-18   624
  6.212404e-01   7.820200e-17   1.982740e-04   3.155861e-18   816
  6.224086e-01   6.677429e-17   3.260658e-04   2.720261e-18   696
  6.236996e-01   7.894696e-17   8.991328e-09   5.589249e-18   240
  6.241851e-01   8.154444e-17   1.922888e-04   3.353366e-18   672
  6.252686e-01   6.914745e-17   3.436476e-04   2.454690e-18   864
  6.264840e-01   7.770111e-17   2.636938e-04   2.979257e-18   816
  6.275795e-01   7.236286e-17   1.509292e-04   3.145326e-18   648
  6.287594e-01   7.383178e-17   1.542771e-04   2.669535e-18   843
  6.297611e-01   6.951760e-17   2.775825e-04   3.026691e-18   780
  6.309548e-01   7.603851e-17   1.489456e-04   5.200411e-18   216
  6.316911e-01   6.670757e-17   3.591661e-04   2.169384e-18   1056
  6.328235e-01   8.527763e-17   2.938382e-04   5.613784e-18   228
  6.338720e-01   6.778204e-17   3.658358e-04   2.430889e-18   924
  6.349484e-01   6.487666e-17   1.357046e-04   2.401982e-18   696
  6.360882e-01   6.401586e-17   2.415153e-04   2.230345e-18   996
  6.372543e-01   6.827627e-17   1.425858e-04   2.995434e-18   576
  6.384675e-01   6.889093e-17   2.200718e-04   3.295230e-18   552
  6.393519e-01   7.004974e-17   2.627580e-04   3.423509e-18   516
  6.402494e-01   6.650177e-17   3.821047e-04   2.464690e-18   744
  6.412749e-01   7.596481e-17   1.874451e-04   3.882445e-18   576
  6.421669e-01   5.996947e-17   1.929285e-04   2.067687e-18   792
  6.434346e-01   6.216461e-17   2.205530e-04   2.331848e-18   792
  6.443636e-01   6.516111e-17   2.378641e-04   2.545061e-18   720
  6.456200e-01   5.842916e-17   2.711104e-04   2.266219e-18   656
  6.467974e-01   6.024792e-17   2.960385e-04   2.247860e-18   816
  6.480043e-01   6.016490e-17   1.596190e-04   2.824194e-18   492
  6.486903e-01   6.349826e-17   2.296231e-04   2.686854e-18   552
  6.499778e-01   5.970408e-17   3.992867e-04   2.725876e-18   780
  6.508139e-01   5.926513e-17   2.452771e-04   2.836181e-18   528
  6.517148e-01   5.858267e-17   2.863130e-04   2.418540e-18   600
  6.530425e-01   5.974518e-17   2.379487e-04   1.912387e-18   900
  6.539577e-01   6.036596e-17   1.317325e-04   2.426603e-18   696
  6.552168e-01   6.146389e-17   3.330907e-04   2.340027e-18   696
  6.564349e-01   6.296538e-17   1.351317e-04   2.754437e-18   552
  6.574592e-01   4.796092e-17   1.571457e-04   1.909762e-18   708
  6.585322e-01   5.890254e-17   2.594565e-04   2.345372e-18   876
  6.596487e-01   5.385507e-17   1.377663e-04   4.143248e-18   216
  6.603980e-01   5.262644e-17   3.768094e-04   1.711073e-18   1032
  6.615201e-01   5.632210e-17   4.195357e-04   2.448469e-18   600
  6.626848e-01   5.614104e-17   2.001869e-04   2.221392e-18   600
  6.635732e-01   5.346124e-17   3.535112e-04   2.758320e-18   528
  6.646233e-01   5.342190e-17   1.940622e-04   1.916288e-18   732
  6.657296e-01   4.589803e-17   1.432973e-04   2.205011e-18   336
  6.670031e-01   5.286242e-17   2.042271e-04   1.801406e-18   912
  6.679548e-01   4.912496e-17   2.049821e-04   1.989849e-18   624
  6.689946e-01   5.091634e-17   1.727341e-04   1.980610e-18   768
  6.702082e-01   5.676805e-17   3.116463e-04   2.285339e-18   792
  6.713995e-01   4.919452e-17   1.545014e-04   2.201288e-18   660
  6.722471e-01   4.736927e-17   2.276826e-04   2.282301e-18   504
  6.731238e-01   5.280512e-17   3.719898e-04   2.703021e-18   480
  6.744376e-01   4.041166e-17   3.440421e-04   1.457469e-18   912
  6.754664e-01   5.546975e-17   3.831443e-04   3.174316e-18   432
  6.764380e-01   4.493858e-17   2.275021e-04   2.123259e-18   564
  6.773006e-01   4.899346e-17   2.177508e-04   2.099986e-18   600
  6.785149e-01   4.865741e-17   3.035240e-04   1.772697e-18   876
  6.794272e-01   5.072350e-17   1.364735e-04   3.059818e-18   264
  6.806846e-01   5.170305e-17   2.648123e-04   2.341284e-18   560
  6.816953e-01   4.493311e-17   1.799457e-04   1.537221e-18   840
  6.829222e-01   4.620299e-17   2.774244e-04   1.690117e-18   1008
  6.840568e-01   5.155938e-17   1.241010e-04   2.452000e-18   456
  6.850930e-01   5.174175e-17   1.607553e-04   2.205788e-18   576
  6.860509e-01   4.853091e-17   2.470177e-04   2.112261e-18   612
  6.873140e-01   4.467560e-17   2.206269e-04   1.771296e-18   780
  6.883444e-01   4.608226e-17   2.528284e-04   1.928745e-18   648
  6.893992e-01   5.151185e-17   1.178213e-04   3.456741e-18   312
  6.900734e-01   4.468140e-17   2.993645e-04   2.099127e-18   528
  6.912414e-01   4.190138e-17   3.909551e-04   1.760819e-18   720
  6.923583e-01   4.186975e-17   3.921794e-04   2.022861e-18   576
  6.937124e-01   4.278520e-17   3.383053e-04   1.952892e-18   444
  6.945549e-01   4.493775e-17   3.317685e-04   1.509009e-18   996
  6.955874e-01   3.909805e-17   2.771265e-04   2.116549e-18   432
  6.965633e-01   4.481034e-17   3.033990e-04   2.237674e-18   504
  6.974062e-01   4.661123e-17   1.367883e-04   2.131097e-18   504
  6.986065e-01   4.693734e-17   2.692009e-04   1.923573e-18   876
  6.996926e-01   4.112149e-17   3.098246e-04   1.997583e-18   504
  7.008236e-01   3.707726e-17   1.975899e-04   1.514389e-18   696
  7.017583e-01   4.651568e-17   1.689187e-04   2.288589e-18   492
  7.030300e-01   3.848789e-17   2.418152e-04   1.994913e-18   432
  7.039719e-01   4.191470e-17   2.264335e-04   1.572114e-18   768
  7.050885e-01   3.831839e-17   2.820533e-04   1.900782e-18   648
  7.061547e-01   3.584581e-17   1.840095e-04   1.755084e-18   456
  7.073798e-01   3.692388e-17   2.530430e-04   1.649743e-18   552
  7.082306e-01   3.853124e-17   1.734358e-04   1.911214e-18   648
  7.094016e-01   3.641242e-17   2.826907e-04   1.309085e-18   840
  7.105454e-01   4.340366e-17   1.348092e-04   2.307943e-18   432
  7.116906e-01   3.568442e-17   1.651183e-04   1.586603e-18   600
  7.124870e-01   4.144221e-17   1.759227e-04   2.395867e-18   432
  7.138248e-01   3.746171e-17   1.751482e-04   1.810056e-18   560
  7.147308e-01   3.717399e-17   2.772412e-04   1.483778e-18   840
  7.158652e-01   4.137432e-17   1.642140e-04   2.044722e-18   504
  7.167662e-01   3.435927e-17   3.351509e-04   1.517800e-18   696
  7.180362e-01   4.036708e-17   1.830475e-04   2.202883e-18   384
  7.190254e-01   3.271141e-17   2.681431e-04   1.516830e-18   576
  7.202219e-01   3.360381e-17   1.654845e-04   2.211881e-18   360
  7.211864e-01   3.426669e-17   2.464465e-04   1.506801e-18   828
  7.222268e-01   3.365041e-17   2.195064e-04   1.744878e-18   372
  7.231800e-01   3.634858e-17   3.352284e-04   1.719942e-18   576
  7.244428e-01   3.680245e-17   1.403933e-04   1.605596e-18   636
  7.253425e-01   3.311454e-17   2.706420e-04   1.462287e-18   648
  7.265596e-01   3.612084e-17   2.200024e-04   1.744954e-18   576
  7.274333e-01   3.307434e-17   3.548870e-04   1.675632e-18   528
  7.285953e-01   3.181712e-17   1.517289e-04   1.896827e-18   360
  7.295571e-01   2.990272e-17   3.490332e-04   1.226871e-18   672
  7.308130e-01   3.214410e-17   1.787806e-04   1.303142e-18   804
  7.318582e-01   3.637480e-17   1.972163e-04   2.006565e-18   408
  7.330145e-01   2.946453e-17   1.219011e-04   1.489262e-18   384
  7.337931e-01   2.872960e-17   2.789567e-04   1.622582e-18   480
  7.348913e-01   3.141241e-17   1.802469e-04   1.593905e-18   432
  7.359446e-01   3.648984e-17   3.321566e-04   1.543044e-18   648
  7.371913e-01   3.267588e-17   2.061016e-04   1.595966e-18   624
  7.381033e-01   3.234835e-17   1.874668e-04   1.874550e-18   456
  7.393486e-01   2.893382e-17   2.560963e-04   1.646814e-18   588
  7.401831e-01   2.748665e-17   1.633884e-04   1.297748e-18   600
  7.414016e-01   2.824283e-17   2.548458e-04   1.130699e-18   708
  7.423640e-01   2.690416e-17   1.605479e-04   1.573923e-18   360
  7.434275e-01   3.094528e-17   1.845541e-04   1.590182e-18   552
  7.444470e-01   2.796893e-17   1.294691e-04   2.157259e-18   288
  7.454820e-01   2.553046e-17   2.434372e-04   1.179623e-18   528
  7.464545e-01   2.706474e-17   1.642340e-04   1.298746e-18   456
  7.475410e-01   2.912131e-17   2.912225e-04   1.365153e-18   608
  7.486338e-01   2.465549e-17   1.408967e-04   1.198675e-18   504
  7.498278e-01   2.361896e-17   3.024972e-04   1.287948e-18   540
  7.507642e-01   3.133782e-17   3.247222e-04   2.002132e-18   360
  7.517735e-01   3.200268e-17   1.470509e-04   1.490689e-18   540
  7.526661e-01   2.765588e-17   1.262606e-04   1.378884e-18   576
  7.539642e-01   2.618152e-17   2.927555e-04   1.171223e-18   588
  7.551985e-01   2.722936e-17   4.039143e-04   1.276827e-18   672
  7.562588e-01   2.962400e-17   3.087151e-04   1.482194e-18   552
  7.571135e-01   1.968261e-17   3.088712e-04   1.725470e-18   144
  7.582042e-01   2.742598e-17   2.624178e-04   1.297699e-18   600
  7.592383e-01   2.317321e-17   3.288668e-04   1.262166e-18   504
  7.603860e-01   2.601123e-17   3.378126e-04   1.895721e-18   336
  7.615932e-01   2.465387e-17   3.797028e-04   1.081777e-18   600
  7.626744e-01   2.362327e-17   2.450478e-04   1.150282e-18   636
  7.638413e-01   2.653628e-17   1.970206e-04   2.026497e-18   384
  7.646595e-01   2.632384e-17   2.748205e-04   1.633925e-18   504
  7.658387e-01   2.509633e-17   1.153383e-04   1.784276e-18   240
  7.667694e-01   2.574391e-17   2.709461e-04   1.028778e-18   744
  7.678860e-01   2.219575e-17   1.850150e-04   1.069599e-18   648
  7.688783e-01   3.804038e-17   1.228185e-04   3.292271e-18   120
  7.700414e-01   2.170679e-17   1.929319e-04   9.696547e-19   564
  7.709202e-01   2.777725e-17   3.030111e-04   1.530925e-18   432
  7.720932e-01   2.098600e-17   2.351965e-04   1.403568e-18   480
  7.729764e-01   1.796720e-17   1.731106e-04   1.077840e-18   456
  7.740189e-01   2.263242e-17   2.864725e-04   1.318629e-18   444
  7.752020e-01   2.132732e-17   4.383180e-04   1.126056e-18   528
  7.762412e-01   2.378575e-17   3.255297e-04   2.037508e-18   264
  7.772498e-01   2.113313e-17   3.336195e-04   1.184313e-18   444
  7.786065e-01   2.269263e-17   3.654311e-04   1.011336e-18   696
  7.797327e-01   2.317823e-17   1.954448e-04   1.363463e-18   384
  7.805563e-01   2.260392e-17   2.469609e-04   1.245771e-18   432
  7.818373e-01   2.810806e-17   1.706384e-04   1.867714e-18   488
  7.826690e-01   2.500939e-17   2.571733e-04   1.205043e-18   480
  7.838749e-01   2.087157e-17   2.868014e-04   1.282714e-18   480
  7.848089e-01   1.886323e-17   1.203331e-04   1.181084e-18   240
  7.858692e-01   2.207301e-17   2.810886e-04   1.125154e-18   600
  7.868694e-01   1.904089e-17   2.449399e-04   1.314222e-18   288
  7.879343e-01   2.145828e-17   2.356143e-04   1.285769e-18   480
  7.890129e-01   1.699897e-17   4.191157e-04   9.884606e-19   504
  7.900748e-01   2.463902e-17   1.798267e-04   1.706324e-18   216
  7.914291e-01   2.214749e-17   2.944050e-04   1.373630e-18   504
  7.924838e-01   1.896639e-17   2.367912e-04   1.147492e-18   456
  7.936384e-01   2.738130e-17   1.358038e-04   1.775901e-18   384
  7.944031e-01   2.587059e-17   2.756326e-04   1.542921e-18   480
  7.954897e-01   1.752544e-17   2.420363e-04   1.090395e-18   504
  7.964966e-01   2.159530e-17   1.535327e-04   1.532891e-18   312
  7.975815e-01   2.064694e-17   2.474127e-04   1.262380e-18   492
  7.985417e-01   2.194744e-17   2.318919e-04   1.338359e-18   312
  7.997779e-01   1.742008e-17   3.766899e-04   8.019498e-19   576
  8.008661e-01   2.321892e-17   3.477153e-04   1.845497e-18   336
  8.017699e-01   1.359014e-17   2.677247e-04   1.017486e-18   240
  8.030228e-01   1.849803e-17   3.549351e-04   1.059095e-18   468
  8.041047e-01   1.783466e-17   2.222407e-04   1.860429e-18   192
  8.052370e-01   1.474437e-17   2.229031e-04   1.058991e-18   324
  8.060669e-01   1.777987e-17   1.617794e-04   9.847726e-19   600
  8.071978e-01   1.827727e-17   2.624704e-04   1.038817e-18   456
  8.080377e-01   2.014815e-17   1.180592e-04   1.409978e-18   336
  8.094297e-01   1.880609e-17   3.535027e-04   1.017963e-18   612
  8.104424e-01   1.220667e-17   2.966749e-04   1.861515e-18   144
  8.114002e-01   1.987626e-17   3.462957e-04   1.119234e-18   552
  8.127025e-01   1.199606e-17   1.363755e-04   7.144709e-19   264
  8.134384e-01   1.623560e-17   3.157441e-04   1.192124e-18   336
  8.145992e-01   1.464869e-17   2.086329e-04   8.652912e-19   384
  8.156059e-01   1.530531e-17   1.174397e-04   1.398362e-18   216
  8.167203e-01   1.298609e-17   2.489964e-04   9.161039e-19   344
  8.177364e-01   1.231822e-17   3.715143e-04   7.928004e-19   408
  8.189746e-01   1.560601e-17   2.854845e-04   1.490685e-18   264
  8.200718e-01   1.538558e-17   3.979796e-04   8.243932e-19   612
  8.211681e-01   1.894967e-17   2.048307e-04   1.256807e-18   408
  8.222956e-01   1.462611e-17   2.051251e-04   1.131502e-18   444
  8.231239e-01   2.645483e-17   1.147249e-04   2.425697e-18   120
  8.242338e-01   1.704525e-17   3.169640e-04   1.290889e-18   336
  8.250576e-01   1.378483e-17   1.101437e-04   1.051158e-18   288
  8.261708e-01   1.436589e-17   3.427692e-04   7.809951e-19   552
  8.277012e-01   1.709246e-17   1.835347e-08   2.411161e-18   72
  8.284882e-01   1.404086e-17   3.404572e-04   8.186446e-19   504
  8.294074e-01   8.574951e-18   1.095558e-04   8.248829e-19   216
  8.305983e-01   1.238370e-17   1.956043e-04   9.365114e-19   312
  8.316675e-01   9.755729e-18   2.227263e-04   6.626385e-19   336
  8.326865e-01   1.160801e-17   3.087236e-04   1.015493e-18   204
  8.337014e-01   2.052255e-17   3.587838e-04   1.423792e-18   504
  8.347777e-01   1.855651e-17   3.416652e-04   1.205947e-18   396
  8.358127e-01   1.398557e-17   3.133249e-04   1.062617e-18   312
  8.370674e-01   2.047134e-17   1.914750e-04   1.892284e-18   216
  8.379516e-01   1.318147e-17   1.039172e-04   1.409240e-18   168
  8.390260e-01   1.362619e-17   2.623966e-04   7.813599e-19   588
  8.402521e-01   9.660451e-18   3.561727e-04   9.038641e-19   240
  8.412047e-01   1.003992e-17   3.145601e-04   9.731315e-19   264
  8.423219e-01   1.270919e-17   3.890183e-04   1.155168e-18   288
  8.433131e-01   1.368956e-17   1.942596e-04   1.206945e-18   288
  8.445693e-01   9.753397e-18   1.824407e-04   8.075914e-19   288
  8.454153e-01   1.126269e-17   2.113423e-04   8.964891e-19   192
  8.464795e-01   8.378455e-18   2.248894e-04   6.896261e-19   264
  8.474933e-01   2.040546e-17   3.699119e-04   1.466585e-18   372
  8.485844e-01   1.960121e-17   3.995208e-04   1.902080e-18   360
  8.499161e-01   1.729738e-17   1.690810e-04   2.460387e-18   144
  8.506044e-01   9.553120e-18   2.348461e-04   1.018712e-18   296
  8.516909e-01   1.125118e-17   2.530345e-04   1.094932e-18   288
  8.529347e-01   1.179100e-17   3.781537e-04   7.787663e-19   480
  8.540076e-01   1.090199e-17   3.142096e-04   1.951906e-18   192
  8.550509e-01   1.376785e-17   3.370327e-04   1.212400e-18   192
  8.559992e-01   9.385181e-18   2.147949e-04   8.197233e-19   288
  8.573180e-01   4.970972e-18   1.869760e-04   6.122239e-19   108
  8.579823e-01   1.023881e-17   1.797545e-04   9.851350e-19   240
  8.591554e-01   8.107723e-18   3.353363e-04   7.152336e-19   384
  8.603605e-01   1.210639e-17   4.090723e-04   1.336278e-18   108
  8.614261e-01   1.504486e-17   2.398466e-04   1.177469e-18   348
  8.625466e-01   9.087915e-18   2.503134e-04   1.097815e-18   312
  8.635474e-01   1.000225e-17   2.432319e-04   2.208674e-18   96
  8.644677e-01   1.044991e-17   3.238194e-04   8.516904e-19   384
  8.654984e-01   1.085184e-17   2.227222e-04   1.008871e-18   144
  8.665066e-01   1.103555e-17   3.422225e-04   8.730700e-19   408
  8.677598e-01   5.939293e-18   1.526554e-04   8.991584e-19   144
  8.689437e-01   1.072719e-17   2.934816e-04   1.280964e-18   192
  8.696459e-01   1.263681e-17   3.303190e-04   1.386329e-18   144
  8.707904e-01   6.899854e-18   2.685615e-04   6.826336e-19   144
  8.718702e-01   1.082125e-17   3.282257e-04   1.052780e-18   336
  8.731927e-01   5.164657e-18   2.428454e-04   3.857192e-19   240
  8.740312e-01   7.907767e-18   1.102739e-04   1.134011e-18   96
  8.752007e-01   1.140007e-17   3.233803e-04   9.917916e-19   372
  8.763838e-01   8.686987e-18   3.846540e-04   1.530569e-18   132
  8.774230e-01   5.791228e-18   2.380193e-04   4.446023e-19   264
  8.783527e-01   1.473407e-17   1.827880e-04   1.887267e-18   168
  8.793449e-01   9.671875e-18   2.922429e-04   8.240144e-19   216
  8.802213e-01   6.872460e-18   1.787978e-04   9.498233e-19   216
  8.814979e-01   3.671694e-18   3.280196e-04   4.018913e-19   96
  8.826561e-01   1.103714e-17   2.140028e-04   1.390350e-18   120
  8.837183e-01   7.010550e-18   2.720578e-04   7.718977e-19   216
  8.845934e-01   5.665877e-18   1.188902e-04   5.957918e-19   200
  8.857519e-01   8.224035e-18   3.077557e-04   1.173258e-18   288
  8.872378e-01   2.546494e-18   8.097649e-05   2.015983e-19   144
  8.878635e-01   8.401390e-18   2.519939e-04   1.500566e-18   168
  8.891412e-01   7.631177e-18   2.835956e-04   1.231196e-18   159
  8.901386e-01   5.224808e-18   2.975600e-04   4.300167e-19   174
  8.911039e-01   4.558104e-18   2.698170e-04   4.423824e-19   144
  8.923678e-01   7.864997e-18   1.557998e-04   7.654974e-19   222
  8.932131e-01   5.678906e-18   1.572158e-04   6.959668e-19   168
  8.946732e-01   8.379239e-18   3.448346e-04   2.058872e-18   30
  8.952763e-01   2.127602e-18   3.044637e-04   2.882202e-19   72
  8.964123e-01   5.680150e-18   2.717302e-04   6.429783e-19   258
  8.976612e-01   4.555027e-18   1.701916e-04   3.775601e-19   264
  8.982857e-01   5.780366e-18   0.000000e+00   9.715354e-19   72
  8.995871e-01   3.098246e-18   3.373270e-04   3.857613e-19   174
  9.007654e-01   6.147108e-18   3.591909e-04   9.186429e-19   168
  9.017127e-01   1.491314e-18   1.123916e-08   2.111533e-19   48
  9.027297e-01   3.182764e-18   2.028435e-04   4.298896e-19   150
  9.039088e-01   7.525571e-18   3.731453e-04   6.955116e-19   168
  9.050911e-01   3.362126e-18   2.273028e-04   3.649333e-19   144
  9.061784e-01   5.480492e-18   2.123525e-04   1.096357e-18   102
  9.069882e-01   1.736726e-18   3.143182e-04   1.471201e-19   96
  9.082731e-01   1.325561e-18   3.119397e-04   1.040912e-19   120
  9.092246e-01   1.312763e-18   3.345635e-04   1.036814e-19   168
  9.102538e-01   6.148906e-18   2.470487e-04   6.312459e-19   126
  9.111308e-01   3.651640e-18   1.863241e-04   5.386525e-19   168
  9.123389e-01   1.852250e-18   2.987709e-04   2.611654e-19   72
  9.133947e-01   1.970090e-18   3.741278e-04   1.721520e-19   168
  9.143196e-01   4.838902e-18   1.025668e-04   1.049405e-18   78
  9.155870e-01   1.841259e-18   1.684070e-04   2.353338e-19   60
  9.166075e-01   6.948250e-18   2.731835e-04   1.319162e-18   96
  9.176659e-01   2.369241e-18   3.314854e-04   1.956755e-19   168
  9.186605e-01   2.112645e-18   2.097511e-04   4.119048e-19   86
  9.197042e-01   1.511089e-18   1.874678e-04   2.070738e-19   120
  9.212002e-01   1.734023e-18   1.336894e-04   1.635216e-19   168
  9.220069e-01   1.011806e-18   0.000000e+00   1.098492e-19   48
  9.230934e-01   4.106285e-18   2.435676e-04   4.731435e-19   120
  9.237177e-01   2.607748e-18   1.776924e-04   3.752806e-19   126
  9.252418e-01   2.230570e-18   3.125113e-04   2.686532e-19   96
  9.262310e-01   2.104825e-18   9.011285e-05   2.080758e-19   96
  9.270111e-01   1.400943e-18   0.000000e+00   1.644248e-19   72
  9.286731e-01   1.688760e-18   1.123916e-08   3.140024e-19   24
  9.297104e-01   2.412990e-18   1.854501e-04   2.256540e-19   120
  9.305196e-01   1.931480e-18   2.705147e-04   2.675677e-19   126
  9.314194e-01   1.340296e-18   2.255107e-04   1.632037e-19   96
  9.324708e-01   8.165282e-19   3.897482e-04   9.076624e-20   72
  9.336415e-01   1.392308e-18   1.685792e-04   1.188388e-19   144
  9.346046e-01   1.433490e-18   9.723254e-05   1.894881e-19   72
  9.355666e-01   2.266237e-18   1.942081e-04   4.733247e-19   54
  9.364132e-01   2.119867e-18   1.711436e-04   2.469239e-19   108
  9.381728e-01   2.363573e-18   1.677650e-04   2.664223e-19   72
  9.387206e-01   1.732065e-18   9.680617e-05   1.937553e-19   72
  9.400202e-01   9.879970e-19   1.946680e-08   1.224998e-19   24
  9.412498e-01   5.571170e-19   2.047976e-04   8.846668e-20   48
  9.419964e-01   1.659610e-18   1.560029e-04   2.310356e-19   102
  9.431203e-01   1.109724e-18   3.528137e-04   9.349874e-20   168
  9.445889e-01   8.166758e-19   1.924163e-04   1.089148e-19   72
  9.451330e-01   9.550792e-19   0.000000e+00   1.475235e-19   48
  9.462744e-01   1.283368e-18   3.309678e-04   1.385679e-19   120
  9.477807e-01   1.185186e-18   2.033864e-04   1.000981e-19   96
  9.492033e-01   2.917992e-18   2.202416e-08   1.022377e-18   30
  9.508942e-01   1.699786e-18   9.555995e-05   2.455738e-19   72
  9.516372e-01   8.951277e-19   1.123916e-08   1.943865e-19   24
  9.525916e-01   4.166012e-19   1.416435e-04   6.960967e-20   56
  9.536606e-01   4.148821e-19   2.021324e-04   3.800031e-20   96
  9.549399e-01   9.196848e-19   2.232036e-04   8.653624e-20   144
  9.559263e-01   1.379831e-18   1.267263e-04   3.068685e-19   54
  9.573592e-01   8.611597e-19   1.898493e-04   8.912321e-20   108
  9.588012e-01   2.272102e-18   1.005243e-04   4.150916e-19   48
  9.601739e-01   9.221300e-19   3.785063e-04   9.421200e-20   72
  9.634680e-01   1.776089e-18   2.500803e-04   2.307400e-19   78
  9.643808e-01   4.158490e-19   1.884669e-04   4.826840e-20   72
  9.654462e-01   4.518927e-19   1.882329e-04   5.148458e-20   72
  9.665603e-01   8.613389e-19   4.542266e-04   7.773537e-20   96
  9.674408e-01   4.985754e-19   1.878449e-04   3.233256e-20   72
  9.685029e-01   7.150938e-19   0.000000e+00   1.164193e-19   24
  9.695638e-01   7.935205e-19   3.748416e-04   8.813039e-20   72
  9.719599e-01   9.983646e-19   2.380359e-04   1.990968e-19   30
  9.724755e-01   1.342974e-18   0.000000e+00   2.833189e-19   24
  9.752466e-01   3.526081e-19   1.976584e-04   4.796030e-20   48
  9.761159e-01   5.325983e-19   4.253608e-04   7.416199e-20   120
  9.772870e-01   3.551122e-19   1.859776e-04   4.674394e-20   72
  9.784697e-01   5.087108e-19   1.857528e-04   8.428146e-20   36
  9.792826e-01   5.494451e-19   3.671339e-04   6.561787e-20   78
  9.815513e-01   6.709034e-19   1.963888e-04   7.213931e-20   48
  9.844928e-01   9.458385e-19   1.589457e-08   1.261397e-19   24
  9.865884e-01   1.817550e-19   1.367612e-04   2.752392e-20   56
  9.876436e-01   2.263065e-19   2.104496e-04   2.181854e-20   102
  9.889860e-01   3.592787e-19   1.498555e-08   4.054252e-20   72
  9.897653e-01   4.227893e-19   0.000000e+00   6.499060e-20   24
  9.911277e-01   3.507197e-19   1.944913e-04   4.347246e-20   48
  9.936528e-01   4.769883e-19   0.000000e+00   9.745362e-20   24
  9.967520e-01   4.263621e-19   0.000000e+00   2.156981e-19   6
  9.977185e-01   1.212179e-19   0.000000e+00   2.327486e-20   24
  9.983623e-01   1.962889e-19   1.820511e-04   2.130131e-20   72
  9.995384e-01   1.871049e-19   3.396336e-04   1.755776e-20   84
  1.000805e+00   2.768584e-19   0.000000e+00   6.243484e-20   24
  1.001190e+00   3.353717e-19   1.589457e-08   4.187732e-20   24
  1.003114e+00   3.176143e-19   1.123916e-08   5.845628e-20   24
  1.005800e+00   3.367117e-19   0.000000e+00   9.725938e-20   6
  1.009244e+00   1.122839e-19   1.910001e-04   1.425399e-20   48
  1.010072e+00   1.527414e-19   3.598129e-04   1.534033e-20   72
  1.011152e+00   2.041778e-19   1.906396e-04   2.732249e-20   48
  1.012867e+00   3.783031e-19   0.000000e+00   6.135727e-20   24
  1.015148e+00   6.754188e-19   1.123916e-08   8.972926e-20   6
  1.020262e+00   6.444699e-20   0.000000e+00   1.452565e-20   8
  1.020640e+00   1.249244e-19   1.123916e-08   3.087296e-20   48
  1.021546e+00   1.343229e-19   1.848806e-04   1.957528e-20   60
  1.022904e+00   2.116189e-19   0.000000e+00   3.906472e-20   24
  1.024787e+00   1.632140e-19   0.000000e+00   4.137596e-20   6
  1.031723e+00   8.539218e-20   0.000000e+00   1.399607e-20   24
  1.032283e+00   8.608020e-20   1.867372e-04   9.390674e-21   48
  1.033217e+00   1.026285e-19   0.000000e+00   2.586861e-20   24
  1.034708e+00   3.337602e-20   1.123916e-08   5.318639e-21   6
  1.043181e+00   5.071099e-20   1.742080e-04   9.588367e-21   36
  1.043797e+00   8.596460e-20   0.000000e+00   2.227868e-20   24
  1.044904e+00   8.857177e-20   0.000000e+00   4.190695e-20   6
  1.054545e+00   6.721099e-20   1.583190e-04   8.072147e-21   32
  1.055367e+00   3.778944e-20   1.123916e-08   6.147585e-21   6
  1.065728e+00   5.709995e-20   0.000000e+00   1.212554e-20   12
  1.066089e+00   7.646865e-20   0.000000e+00   7.112981e-21   6
  1.077063e+00   2.331521e-20   1.589457e-08   2.622476e-21   6
