# power spectrum of B
# redshift z=50.000000
# k              Pk             sigma(k)       sigma(Pk)      count
  1.963495e-02   4.819667e-18   0.000000e+00   3.432434e-19   6
  2.776802e-02   5.008516e-18   0.000000e+00   8.055372e-19   12
  3.400874e-02   2.957601e-18   3.725290e-10   6.611058e-19   8
  3.926991e-02   1.152023e-17   0.000000e+00   3.495027e-18   6
  4.390509e-02   1.213514e-17   0.000000e+00   1.645416e-18   24
  4.809562e-02   8.078952e-18   7.024475e-10   1.623485e-18   24
  5.553604e-02   7.799642e-18   0.000000e+00   2.503942e-18   12
  5.890486e-02   7.856971e-18   7.947286e-10   1.133539e-18   30
  6.209118e-02   8.560495e-18   0.000000e+00   9.974739e-19   24
  6.512178e-02   8.846695e-18   1.216675e-09   1.350002e-18   24
  6.801748e-02   5.451545e-18   7.450581e-10   2.444687e-19   8
  7.079483e-02   6.796339e-18   9.934107e-10   1.087557e-18   24
  7.346727e-02   7.252251e-18   0.000000e+00   9.625798e-19   48
  7.853982e-02   9.045916e-18   0.000000e+00   8.105168e-19   6
  8.095699e-02   7.361861e-18   1.404895e-09   8.277184e-19   48
  8.330406e-02   5.580558e-18   0.000000e+00   1.051292e-18   36
  8.558678e-02   6.102091e-18   9.934107e-10   7.041423e-19   24
  8.781018e-02   5.028077e-18   0.000000e+00   5.686666e-19   24
  8.997866e-02   6.091265e-18   0.000000e+00   7.759120e-19   48
  9.209610e-02   3.359922e-18   1.404895e-09   6.998921e-19   24
  9.619124e-02   5.028952e-18   1.404895e-09   7.881884e-19   24
  9.817477e-02   4.340821e-18   0.000000e+00   4.691800e-19   30
  1.001190e-01   3.800840e-18   0.000000e+00   3.340956e-19   72
  1.020262e-01   4.033733e-18   1.490116e-09   4.977963e-19   32
  1.057375e-01   4.418290e-18   0.000000e+00   3.513438e-19   72
  1.075451e-01   3.930301e-18   0.000000e+00   4.221087e-19   48
  1.110721e-01   3.247637e-18   0.000000e+00   7.937152e-19   12
  1.127942e-01   4.084642e-18   0.000000e+00   3.916475e-19   48
  1.144905e-01   3.853970e-18   0.000000e+00   4.532151e-19   48
  1.161620e-01   4.386077e-18   1.404895e-09   3.802285e-19   48
  1.178097e-01   3.416756e-18   1.589457e-09   3.667336e-19   30
  1.194348e-01   3.212880e-18   1.404895e-09   3.535632e-19   24
  1.210380e-01   4.810376e-18   2.961779e-09   4.034734e-19   72
  1.241824e-01   2.974589e-18   0.000000e+00   4.318307e-19   24
  1.257251e-01   3.985023e-18   0.000000e+00   3.368538e-19   96
  1.272490e-01   2.986934e-18   0.000000e+00   3.673909e-19   48
  1.287550e-01   2.071204e-18   2.433349e-09   2.850410e-19   24
  1.302436e-01   5.369981e-18   2.433349e-09   7.397030e-19   24
  1.317153e-01   2.832977e-18   0.000000e+00   2.234613e-19   72
  1.331707e-01   3.424951e-18   0.000000e+00   3.405521e-19   48
  1.360350e-01   1.437093e-18   1.490116e-09   3.869081e-19   8
  1.374447e-01   3.795896e-18   1.766064e-09   3.948144e-19   54
  1.388401e-01   2.455936e-18   0.000000e+00   1.904143e-19   84
  1.402216e-01   2.575326e-18   0.000000e+00   2.596656e-19   48
  1.415897e-01   3.343155e-18   1.986821e-09   4.264424e-19   24
  1.429446e-01   2.832859e-18   1.873193e-09   2.155466e-19   72
  1.442869e-01   3.091475e-18   0.000000e+00   1.996992e-19   96
  1.469345e-01   2.913372e-18   0.000000e+00   2.493441e-19   48
  1.482407e-01   2.877931e-18   0.000000e+00   3.067238e-19   48
  1.495354e-01   2.648910e-18   1.986821e-09   2.822659e-19   24
  1.508189e-01   2.881468e-18   0.000000e+00   2.293966e-19   72
  1.533539e-01   2.147694e-18   1.873193e-09   2.277451e-19   72
  1.546058e-01   2.137005e-18   0.000000e+00   1.994475e-19   96
  1.570796e-01   1.371581e-18   0.000000e+00   3.890175e-19   6
  1.583021e-01   1.873692e-18   0.000000e+00   1.244763e-19   96
  1.595151e-01   2.262279e-18   1.986821e-09   1.874178e-19   96
  1.607190e-01   2.194084e-18   0.000000e+00   2.612198e-19   24
  1.619140e-01   2.500791e-18   2.809790e-09   2.931422e-19   48
  1.631002e-01   2.901963e-18   0.000000e+00   1.678184e-19   96
  1.642778e-01   1.677603e-18   0.000000e+00   2.060737e-19   48
  1.666081e-01   1.691633e-18   0.000000e+00   1.580535e-19   36
  1.677611e-01   1.828020e-18   3.441276e-09   1.604976e-19   48
  1.689063e-01   2.192314e-18   3.893359e-09   1.373409e-19   120
  1.700437e-01   1.578427e-18   0.000000e+00   1.758452e-19   56
  1.711736e-01   1.209808e-18   1.986821e-09   1.233645e-19   24
  1.722960e-01   1.830318e-18   0.000000e+00   1.266039e-19   96
  1.734112e-01   1.602120e-18   0.000000e+00   1.835366e-19   48
  1.756204e-01   1.958928e-18   0.000000e+00   2.179421e-19   24
  1.767146e-01   1.897615e-18   0.000000e+00   1.401657e-19   102
  1.778021e-01   2.757504e-18   0.000000e+00   2.780409e-19   48
  1.788829e-01   1.755034e-18   0.000000e+00   1.267050e-19   72
  1.799573e-01   2.059048e-18   0.000000e+00   2.068992e-19   48
  1.810253e-01   2.094358e-18   0.000000e+00   2.874296e-19   48
  1.820871e-01   1.537485e-18   4.495664e-09   1.175418e-19   120
  1.841922e-01   1.058243e-18   2.809790e-09   1.070271e-19   24
  1.852358e-01   1.548753e-18   2.649095e-09   9.653316e-20   144
  1.862735e-01   1.674860e-18   3.178914e-09   9.649782e-20   120
  1.873055e-01   1.903511e-18   2.809790e-09   2.143694e-19   48
  1.893526e-01   1.677303e-18   2.809790e-09   1.309309e-19   48
  1.903679e-01   1.893713e-18   2.809790e-09   1.504730e-19   96
  1.930487e-01   1.580253e-18   4.711199e-04   1.410404e-19   72
  1.943761e-01   1.931926e-18   3.532127e-09   1.317093e-19   108
  1.953653e-01   1.368358e-18   0.000000e+00   1.250615e-19   72
  1.963495e-01   1.355286e-18   0.000000e+00   1.794290e-19   30
  1.973288e-01   1.300116e-18   0.000000e+00   6.775231e-20   168
  1.983033e-01   1.655589e-18   0.000000e+00   1.762199e-19   48
  2.002380e-01   1.406689e-18   0.000000e+00   1.237966e-19   72
  2.011984e-01   1.728375e-18   0.000000e+00   1.243239e-19   96
  2.021542e-01   1.627279e-18   5.298191e-09   1.634967e-19   72
  2.031055e-01   1.582265e-18   0.000000e+00   1.346329e-19   72
  2.047049e-01   1.524276e-18   4.350048e-04   1.194860e-19   104
  2.059331e-01   1.373233e-18   3.746387e-09   8.274203e-20   144
  2.087224e-01   1.493733e-18   6.282881e-09   1.018739e-19   96
  2.096439e-01   1.003326e-18   0.000000e+00   6.667597e-20   96
  2.111095e-01   1.523181e-18   4.475232e-04   1.041508e-19   120
  2.123845e-01   1.101197e-18   0.000000e+00   8.072174e-20   120
  2.132902e-01   1.658187e-18   0.000000e+00   1.409826e-19   72
  2.150901e-01   2.169752e-18   0.000000e+00   1.680709e-19   48
  2.159845e-01   1.260924e-18   4.235416e-09   1.155912e-19   78
  2.171286e-01   1.198004e-18   4.007142e-04   7.107474e-20   168
  2.195255e-01   1.450700e-18   3.746387e-09   8.849888e-20   144
  2.204018e-01   1.531462e-18   3.746387e-09   9.788423e-20   144
  2.229436e-01   1.101342e-18   2.307791e-04   6.726823e-20   156
  2.238729e-01   1.168420e-18   4.866699e-09   1.393348e-19   48
  2.247323e-01   1.112194e-18   3.178914e-09   8.490219e-20   120
  2.255884e-01   1.118749e-18   0.000000e+00   1.052750e-19   48
  2.271022e-01   1.307505e-18   3.532495e-04   9.624148e-20   216
  2.289809e-01   9.956299e-19   0.000000e+00   8.664356e-20   48
  2.298212e-01   1.221454e-18   2.809790e-09   8.453529e-20   96
  2.310160e-01   1.116586e-18   4.128272e-04   6.851910e-20   168
  2.323239e-01   1.248470e-18   2.809790e-09   1.393801e-19   48
  2.331522e-01   1.421059e-18   0.000000e+00   1.102686e-19   96
  2.339775e-01   8.650093e-19   0.000000e+00   7.641188e-20   48
  2.356194e-01   8.070863e-19   3.178914e-09   7.466083e-20   30
  2.364362e-01   8.971819e-19   2.809790e-09   6.376364e-20   96
  2.374123e-01   1.183769e-18   3.244455e-04   5.959303e-20   240
  2.386674e-01   1.122947e-18   3.500299e-04   1.156915e-19   32
  2.396752e-01   7.696444e-19   0.000000e+00   4.327771e-20   168
  2.404781e-01   1.130220e-18   0.000000e+00   8.750159e-20   120
  2.420760e-01   1.111668e-18   5.923557e-09   1.035019e-19   72
  2.428710e-01   9.986801e-19   3.746387e-09   5.965411e-20   144
  2.436634e-01   7.447916e-19   0.000000e+00   5.617696e-20   96
  2.444532e-01   9.423110e-19   0.000000e+00   6.607510e-20   96
  2.460253e-01   1.559113e-18   4.588368e-09   1.280829e-19   72
  2.468075e-01   1.004871e-18   3.973643e-09   6.959285e-20   96
  2.483647e-01   1.332294e-18   0.000000e+00   1.778277e-19   24
  2.491396e-01   1.016551e-18   0.000000e+00   5.749918e-20   192
  2.500522e-01   9.254398e-19   2.970416e-04   7.259448e-20   132
  2.514501e-01   9.868975e-19   0.000000e+00   7.223247e-20   96
  2.522156e-01   6.075183e-19   0.000000e+00   3.951458e-20   96
  2.529787e-01   8.819736e-19   3.178914e-09   6.624191e-20   120
  2.544981e-01   7.691071e-19   0.000000e+00   8.436203e-20   48
  2.557435e-01   1.015373e-18   3.599905e-04   5.261486e-20   222
  2.567603e-01   8.766846e-19   0.000000e+00   6.798529e-20   120
  2.575100e-01   1.002854e-18   4.866699e-09   1.905262e-19   24
  2.586015e-01   1.018845e-18   3.715625e-04   4.387124e-20   312
  2.609797e-01   1.052440e-18   3.483547e-04   7.135897e-20   72
  2.619630e-01   9.146366e-19   2.809790e-09   7.537351e-20   96
  2.629726e-01   1.026742e-18   3.547511e-04   6.293466e-20   192
  2.641613e-01   6.704169e-19   4.495664e-09   5.993368e-20   120
  2.648900e-01   9.070038e-19   0.000000e+00   6.472183e-20   144
  2.663415e-01   1.193144e-18   0.000000e+00   1.159145e-19   48
  2.673732e-01   9.179712e-19   3.567146e-04   4.558862e-20   336
  2.685040e-01   9.303022e-19   0.000000e+00   1.657356e-19   48
  2.699360e-01   9.187968e-19   0.000000e+00   5.211248e-20   192
  2.706492e-01   6.151953e-19   0.000000e+00   5.652797e-20   48
  2.726764e-01   7.780929e-19   2.476067e-04   8.379622e-20   56
  2.736844e-01   9.340321e-19   3.180112e-04   4.442583e-20   336
  2.748894e-01   1.038024e-18   3.532127e-09   1.092740e-19   54
  2.759390e-01   7.092618e-19   3.492904e-04   4.370668e-20   240
  2.781181e-01   7.259403e-19   3.344484e-04   5.196568e-20   228
  2.790651e-01   9.005780e-19   3.746387e-09   6.293785e-20   72
  2.799844e-01   9.512235e-19   3.244231e-04   7.298407e-20   144
  2.811298e-01   1.001282e-18   0.000000e+00   9.282111e-20   96
  2.818146e-01   7.207256e-19   4.495664e-09   3.945680e-20   240
  2.831793e-01   9.049844e-19   3.973643e-09   1.555921e-19   24
  2.840530e-01   8.212431e-19   3.064151e-04   3.474472e-20   336
  2.852142e-01   4.355159e-19   0.000000e+00   4.537691e-20   72
  2.862741e-01   9.731448e-19   3.332831e-04   6.559191e-20   168
  2.872346e-01   1.054614e-18   0.000000e+00   8.094857e-20   72
  2.885737e-01   1.172742e-18   0.000000e+00   9.684099e-20   96
  2.896108e-01   5.714481e-19   3.307829e-04   3.494351e-20   216
  2.905708e-01   7.141966e-19   3.973643e-09   4.945967e-20   96
  2.918946e-01   8.206310e-19   0.000000e+00   4.772582e-20   192
  2.925542e-01   7.612799e-19   3.746387e-09   5.676423e-20   144
  2.938691e-01   7.139432e-19   0.000000e+00   6.371274e-20   48
  2.947794e-01   5.964326e-19   3.189136e-04   3.706295e-20   246
  2.960164e-01   6.833339e-19   2.940434e-04   4.429665e-20   168
  2.971308e-01   6.918530e-19   5.506041e-09   5.016888e-20   120
  2.977788e-01   6.066229e-19   0.000000e+00   3.321454e-20   240
  2.990707e-01   8.556406e-19   3.973643e-09   1.515273e-19   24
  3.001001e-01   6.542167e-19   3.147475e-04   2.809581e-20   360
  3.013820e-01   7.327175e-19   3.134082e-04   5.033524e-20   120
  3.022763e-01   7.893551e-19   0.000000e+00   7.650814e-20   144
  3.029133e-01   7.027319e-19   0.000000e+00   5.944046e-20   96
  3.048165e-01   7.683737e-19   0.000000e+00   5.018298e-20   144
  3.054482e-01   8.447278e-19   0.000000e+00   6.452865e-20   132
  3.063360e-01   6.486879e-19   3.093292e-04   4.925943e-20   176
  3.076248e-01   6.620896e-19   3.123602e-04   3.430893e-20   312
  3.092116e-01   6.386406e-19   0.000000e+00   5.026418e-20   96
  3.098343e-01   6.196110e-19   0.000000e+00   4.795735e-20   144
  3.107899e-01   7.118847e-19   3.092271e-04   4.202819e-20   312
  3.123131e-01   2.871290e-19   0.000000e+00   3.124659e-20   48
  3.129297e-01   6.940576e-19   3.973643e-09   3.431649e-20   192
  3.141593e-01   2.703315e-19   0.000000e+00   4.967455e-20   6
  3.149762e-01   5.827951e-19   2.884066e-04   2.589085e-20   288
  3.162994e-01   6.869830e-19   3.047203e-04   4.614030e-20   192
  3.172124e-01   5.739751e-19   7.064254e-09   3.041913e-20   216
  3.178195e-01   6.019385e-19   0.000000e+00   6.107909e-20   72
  3.193321e-01   7.063715e-19   3.018264e-04   4.510207e-20   192
  3.203366e-01   5.805238e-19   2.241224e-04   3.125436e-20   288
  3.214381e-01   6.856319e-19   0.000000e+00   1.032200e-19   24
  3.222890e-01   5.738834e-19   2.952626e-04   2.592217e-20   456
  3.238280e-01   3.829568e-19   0.000000e+00   4.270248e-20   48
  3.247789e-01   5.739406e-19   2.908218e-04   3.536868e-20   240
  3.258718e-01   8.507436e-19   2.939082e-04   4.229719e-20   216
  3.267908e-01   7.731677e-19   0.000000e+00   6.234695e-20   72
  3.273801e-01   5.292155e-19   1.015467e-08   3.711498e-20   168
  3.290441e-01   6.320314e-19   2.184577e-04   3.132344e-20   288
  3.299773e-01   7.152817e-19   2.890570e-04   5.563020e-20   168
  3.314762e-01   7.651836e-19   0.000000e+00   6.357725e-20   192
  3.320572e-01   6.457958e-19   3.746387e-09   4.455997e-20   144
  3.332162e-01   1.034193e-18   0.000000e+00   1.550683e-19   36
  3.341991e-01   5.403729e-19   2.639705e-04   2.938845e-20   342
  3.351389e-01   3.905169e-19   2.710657e-04   2.953402e-20   144
  3.363470e-01   5.265056e-19   2.842800e-04   2.291948e-20   384
  3.378125e-01   7.945398e-19   7.786718e-09   6.744218e-20   120
  3.385379e-01   7.316893e-19   2.534951e-04   4.340590e-20   264
  3.395201e-01   5.139862e-19   1.256576e-08   3.249814e-20   192
  3.404451e-01   6.029547e-19   2.731894e-04   5.863525e-20   152
  3.412191e-01   4.410449e-19   3.746387e-09   4.472427e-20   144
  3.428472e-01   4.677235e-19   1.768108e-04   2.893277e-20   216
  3.436008e-01   6.160472e-19   2.362665e-04   3.129231e-20   312
  3.449274e-01   7.291172e-19   2.738281e-04   3.521366e-20   240
  3.457090e-01   6.909301e-19   3.973643e-09   6.633025e-20   96
  3.471927e-01   3.513384e-19   2.617995e-04   2.172871e-20   144
  3.481071e-01   5.632003e-19   2.573258e-04   2.577791e-20   456
  3.495904e-01   4.542200e-19   0.000000e+00   3.572697e-20   120
  3.501414e-01   4.986764e-19   0.000000e+00   5.049428e-20   144
  3.512407e-01   5.057569e-19   0.000000e+00   6.730351e-20   24
  3.519456e-01   5.321238e-19   2.473498e-04   2.605486e-20   336
  3.531645e-01   5.510151e-19   2.727931e-04   3.841749e-20   198
  3.543067e-01   4.365476e-19   2.652756e-04   1.926063e-20   432
  3.556041e-01   6.561696e-19   0.000000e+00   6.129011e-20   48
  3.562810e-01   6.619739e-19   2.341925e-04   3.292013e-20   384
  3.574963e-01   4.259667e-19   2.696052e-04   3.135243e-20   144
  3.585975e-01   5.073127e-19   2.676825e-04   3.073145e-20   264
  3.599147e-01   5.784125e-19   3.973643e-09   4.735121e-20   48
  3.607984e-01   5.350503e-19   2.545223e-04   3.021651e-20   276
  3.616510e-01   5.128049e-19   2.307176e-04   4.426059e-20   192
  3.627906e-01   5.183183e-19   2.592759e-04   2.241835e-20   552
  3.641741e-01   3.584597e-19   4.495664e-09   3.434329e-20   120
  3.649965e-01   4.295260e-19   2.624511e-04   2.463734e-20   216
  3.657587e-01   5.397219e-19   6.357829e-09   4.929261e-20   120
  3.671201e-01   5.268337e-19   2.584500e-04   2.894465e-20   408
  3.683844e-01   1.665137e-19   5.619580e-09   1.811831e-20   24
  3.691684e-01   5.373545e-19   2.610810e-04   2.987377e-20   384
  3.702633e-01   4.295347e-19   2.550855e-04   2.787852e-20   240
  3.712141e-01   5.360601e-19   2.569535e-04   3.520482e-20   168
  3.725471e-01   4.554345e-19   0.000000e+00   3.904743e-20   120
  3.734064e-01   4.819910e-19   2.678605e-04   2.307072e-20   350
  3.748037e-01   5.016177e-19   4.409502e-04   2.380951e-20   384
  3.756388e-01   3.169525e-19   0.000000e+00   2.674945e-20   144
  3.771752e-01   4.261006e-19   0.000000e+00   2.414327e-20   288
  3.779773e-01   3.940360e-19   2.524053e-04   1.946104e-20   336
  3.790686e-01   4.460575e-19   2.297941e-04   2.948418e-20   168
  3.797219e-01   5.120368e-19   1.015467e-08   2.843953e-20   336
  3.810732e-01   4.254555e-19   2.385126e-04   2.785443e-20   288
  3.818848e-01   4.813298e-19   2.247398e-04   2.259887e-20   264
  3.832590e-01   4.119737e-19   0.000000e+00   2.397932e-20   240
  3.837616e-01   5.695046e-19   5.619580e-09   6.471336e-20   96
  3.855656e-01   5.551672e-19   3.056310e-04   2.908623e-20   360
  3.864075e-01   5.497466e-19   2.253025e-04   4.617971e-20   168
  3.874713e-01   4.776905e-19   2.456032e-04   2.479054e-20   456
  3.887523e-01   4.233153e-19   4.995182e-09   3.001224e-20   108
  3.894728e-01   2.842861e-19   2.464311e-04   1.759883e-20   264
  3.903716e-01   4.049687e-19   2.198567e-04   2.623066e-20   264
  3.916025e-01   4.903008e-19   2.074668e-04   2.481295e-20   312
  3.931351e-01   3.552206e-19   1.541705e-04   2.174661e-20   270
  3.937775e-01   3.732100e-19   1.957388e-04   2.522195e-20   240
  3.949323e-01   3.752695e-19   2.421536e-04   1.790586e-20   384
  3.956334e-01   4.693839e-19   5.619580e-09   2.535943e-20   192
  3.969952e-01   4.855054e-19   1.942960e-04   3.292391e-20   240
  3.977852e-01   4.227582e-19   2.397927e-04   2.424240e-20   336
  3.992708e-01   4.725079e-19   2.413972e-04   2.059823e-20   480
  4.004761e-01   3.952984e-19   9.176735e-09   3.615295e-20   72
  4.011493e-01   3.848723e-19   2.353842e-04   2.771987e-20   240
  4.020650e-01   4.154130e-19   2.212289e-04   2.300040e-20   312
  4.031147e-01   3.367073e-19   2.390954e-04   2.109946e-20   240
  4.047009e-01   4.355275e-19   1.816506e-04   2.221908e-20   408
  4.053288e-01   4.404872e-19   1.663482e-04   2.673744e-20   336
  4.065560e-01   4.404984e-19   2.112212e-04   3.797356e-20   264
  4.071591e-01   2.956443e-19   0.000000e+00   3.135672e-20   144
  4.088370e-01   4.265695e-19   2.927651e-04   2.155445e-20   464
  4.097211e-01   3.928344e-19   2.328083e-04   2.628115e-20   168
  4.105939e-01   3.706548e-19   2.120376e-04   2.332226e-20   336
  4.121713e-01   4.970578e-19   2.227870e-04   2.838055e-20   414
  4.130606e-01   3.533394e-19   2.319080e-04   1.887782e-20   216
  4.141998e-01   5.934326e-19   5.619580e-09   5.188685e-20   96
  4.146649e-01   3.682989e-19   1.256576e-08   1.666562e-20   384
  4.162944e-01   4.533670e-19   2.314600e-04   2.248738e-20   492
  4.171676e-01   4.297051e-19   2.263480e-04   2.702800e-20   240
  4.181546e-01   3.606704e-19   2.298225e-04   1.906188e-20   312
  4.195176e-01   1.554387e-19   2.297469e-04   1.130185e-20   192
  4.203810e-01   3.835228e-19   2.226525e-04   1.842916e-20   504
  4.215265e-01   4.087621e-19   1.473998e-04   2.181007e-20   408
  4.224284e-01   3.995281e-19   4.515774e-04   2.847863e-20   168
  4.235571e-01   4.947539e-19   2.145032e-04   3.324927e-20   288
  4.245041e-01   4.007285e-19   2.238525e-04   2.570611e-20   288
  4.254743e-01   3.242224e-19   2.251410e-04   1.573391e-20   432
  4.268815e-01   4.262099e-19   2.129084e-04   2.644379e-20   216
  4.276334e-01   3.620802e-19   2.124592e-04   2.216558e-20   360
  4.289721e-01   4.388119e-19   2.073582e-04   2.782858e-20   312
  4.301803e-01   6.830920e-19   0.000000e+00   7.855802e-20   48
  4.308767e-01   3.636109e-19   2.223178e-04   1.990551e-20   432
  4.321240e-01   3.208152e-19   3.708284e-04   1.743150e-20   414
  4.328606e-01   3.435969e-19   0.000000e+00   2.257924e-20   312
  4.342347e-01   3.021257e-19   3.253813e-04   1.456721e-20   528
  4.351620e-01   4.325822e-19   1.707976e-04   2.673813e-20   264
  4.362761e-01   3.403618e-19   2.025191e-04   1.685432e-20   480
  4.377318e-01   3.226679e-19   0.000000e+00   1.711395e-20   288
  4.383604e-01   4.352733e-19   2.176005e-04   3.495628e-20   168
  4.395105e-01   3.897135e-19   3.444610e-04   1.834309e-20   504
  4.408036e-01   5.433139e-19   5.298191e-09   3.826657e-20   144
  4.416171e-01   3.830406e-19   2.212265e-04   1.597333e-20   464
  4.428396e-01   3.335309e-19   3.246624e-04   1.654762e-20   432
  4.434197e-01   3.491276e-19   0.000000e+00   2.622549e-20   192
  4.449189e-01   3.529131e-19   2.406833e-04   1.986762e-20   396
  4.458042e-01   3.134963e-19   2.162000e-04   2.635981e-20   288
  4.466990e-01   3.277636e-19   2.135686e-04   2.006135e-20   336
  4.481283e-01   2.993653e-19   1.352359e-04   1.686888e-20   432
  4.490354e-01   3.501414e-19   3.505126e-04   2.004490e-20   360
  4.500539e-01   3.854412e-19   2.073334e-04   1.721812e-20   384
  4.515004e-01   2.699291e-19   1.830116e-04   2.114618e-20   198
  4.521974e-01   3.148904e-19   2.080246e-04   1.352182e-20   552
  4.534970e-01   2.468213e-19   2.912202e-04   1.293162e-20   432
  4.545821e-01   4.510915e-19   6.422377e-09   3.722296e-20   168
  4.554927e-01   3.196279e-19   3.610065e-04   1.500536e-20   480
  4.566974e-01   3.389287e-19   6.357829e-09   2.507979e-20   120
  4.572396e-01   3.672220e-19   2.948545e-04   2.307957e-20   336
  4.585628e-01   3.139222e-19   2.080152e-04   1.282553e-20   672
  4.598711e-01   3.953706e-19   3.025866e-04   2.132185e-20   528
  4.604805e-01   1.830758e-19   0.000000e+00   1.528659e-20   168
  4.618883e-01   3.252167e-19   3.375333e-04   1.761715e-20   456
  4.627474e-01   3.806358e-19   2.061344e-04   4.190845e-20   168
  4.636392e-01   3.980110e-19   2.057643e-04   2.435508e-20   504
  4.651216e-01   2.441579e-19   2.647872e-04   1.662066e-20   336
  4.660180e-01   4.448493e-19   1.908802e-04   2.552045e-20   312
  4.670124e-01   3.863128e-19   1.865029e-04   2.193660e-20   504
  4.683210e-01   3.506611e-19   1.294009e-04   1.588254e-20   432
  4.689362e-01   3.031438e-19   1.999672e-04   1.650422e-20   312
  4.702151e-01   3.200889e-19   2.049761e-04   2.032361e-20   384
  4.715504e-01   2.557421e-19   1.741510e-04   2.715167e-20   126
  4.723748e-01   2.888006e-19   3.057676e-04   1.524606e-20   492
  4.734278e-01   3.448156e-19   1.958445e-04   1.901399e-20   528
  4.747438e-01   3.001657e-19   1.989360e-04   1.575775e-20   480
  4.755596e-01   3.707696e-19   2.748289e-04   1.930577e-20   432
  4.767402e-01   3.391132e-19   2.161166e-04   2.034612e-20   440
  4.781114e-01   3.468922e-19   1.074739e-04   1.845210e-20   312
  4.786259e-01   2.736025e-19   1.610586e-04   1.960882e-20   480
  4.796813e-01   3.178153e-19   3.153497e-04   1.830415e-20   408
  4.812233e-01   3.880331e-19   1.888588e-04   1.985443e-20   360
  4.818747e-01   2.937641e-19   1.822418e-04   1.750099e-20   408
  4.830820e-01   2.417044e-19   1.854542e-04   1.193589e-20   456
  4.844414e-01   3.986192e-19   1.772485e-04   2.177922e-20   264
  4.851959e-01   3.876178e-19   1.923591e-04   2.340464e-20   384
  4.862943e-01   3.256516e-19   3.238501e-04   1.764006e-20   672
  4.875640e-01   3.380483e-19   1.937042e-04   3.263984e-20   240
  4.882967e-01   3.218447e-19   1.965613e-04   2.095645e-20   264
  4.893308e-01   2.196141e-19   2.424259e-04   1.136999e-20   624
  4.908739e-01   2.174710e-19   0.000000e+00   2.271781e-20   150
  4.914232e-01   3.327361e-19   2.716574e-04   1.697119e-20   600
  4.925819e-01   3.127394e-19   1.874909e-04   1.562204e-20   672
  4.938939e-01   2.491022e-19   1.763484e-04   1.347797e-20   336
  4.946248e-01   3.234396e-19   1.918157e-04   2.004827e-20   408
  4.957926e-01   2.975961e-19   1.913639e-04   1.684868e-20   408
  4.970915e-01   3.432589e-19   9.676385e-05   1.931994e-20   360
  4.978921e-01   3.241180e-19   3.552857e-04   1.641383e-20   456
  4.988592e-01   3.067855e-19   1.932065e-04   1.846185e-20   384
  5.000902e-01   2.482805e-19   1.783541e-04   1.611906e-20   348
  5.007554e-01   2.942049e-19   2.198754e-04   1.585552e-20   576
  5.020050e-01   2.910797e-19   1.810385e-04   1.355276e-20   504
  5.032833e-01   3.170974e-19   2.553443e-04   1.903301e-20   432
  5.043991e-01   2.878845e-19   3.473946e-04   1.317001e-20   576
  5.051948e-01   2.326654e-19   8.173934e-09   1.661828e-20   264
  5.064571e-01   3.020610e-19   2.764393e-04   1.381357e-20   768
  5.075549e-01   2.223619e-19   3.721752e-04   1.400890e-20   240
  5.084277e-01   2.250634e-19   3.282233e-04   2.359405e-20   192
  5.096990e-01   2.880509e-19   2.416124e-04   1.390822e-20   504
  5.106418e-01   3.111940e-19   3.255818e-04   1.498025e-20   590
  5.115460e-01   2.655499e-19   3.647966e-04   1.597892e-20   384
  5.126798e-01   2.599507e-19   3.048625e-04   1.747722e-20   504
  5.140486e-01   2.581787e-19   2.933830e-04   1.212380e-20   648
  5.153764e-01   2.347143e-19   7.967896e-05   1.540336e-20   504
  5.159117e-01   2.962075e-19   1.817627e-04   1.930150e-20   312
  5.168569e-01   2.675667e-19   2.618753e-04   1.315691e-20   576
  5.181545e-01   2.884974e-19   1.822405e-04   2.512317e-20   240
  5.189109e-01   2.750032e-19   1.841453e-04   1.507960e-20   552
  5.199816e-01   2.807471e-19   1.729082e-04   1.461839e-20   600
  5.215067e-01   3.017393e-19   2.111937e-04   1.499263e-20   600
  5.224237e-01   2.905537e-19   3.382099e-04   1.977741e-20   312
  5.233368e-01   3.301868e-19   2.945474e-04   1.811965e-20   480
  5.244775e-01   2.679852e-19   1.837693e-04   1.673045e-20   576
  5.254818e-01   3.289365e-19   2.959085e-04   2.477946e-20   408
  5.263729e-01   1.251767e-19   3.451909e-04   9.904394e-21   216
  5.275243e-01   2.953477e-19   2.643774e-04   1.581106e-20   516
  5.287578e-01   2.936990e-19   2.522429e-04   1.414906e-20   744
  5.300304e-01   3.081783e-19   1.684760e-04   1.539393e-20   462
  5.307494e-01   1.676640e-19   1.712315e-04   9.707586e-21   432
  5.318647e-01   2.549913e-19   1.588547e-04   1.273777e-20   648
  5.331761e-01   2.594348e-19   2.324340e-04   1.427852e-20   528
  5.342295e-01   2.565912e-19   2.799086e-04   1.309164e-20   600
  5.352820e-01   3.567027e-19   3.528915e-04   2.253857e-20   240
  5.363014e-01   2.120630e-19   2.703115e-04   9.313904e-21   720
  5.374863e-01   2.962035e-19   2.138653e-04   1.246562e-20   720
  5.387997e-01   1.157184e-19   0.000000e+00   1.106497e-20   144
  5.394909e-01   2.875122e-19   2.757364e-04   1.182275e-20   720
  5.404742e-01   2.823756e-19   1.653370e-04   1.761022e-20   384
  5.417051e-01   2.685913e-19   1.832848e-04   1.471119e-20   672
  5.428730e-01   2.774273e-19   3.209115e-04   2.143625e-20   336
  5.434308e-01   2.589150e-19   7.492773e-09   2.543710e-20   288
  5.447967e-01   2.418689e-19   2.539800e-04   1.104335e-20   776
  5.460612e-01   2.475094e-19   2.173184e-04   1.144733e-20   720
  5.471231e-01   2.191013e-19   1.750659e-04   1.619982e-20   432
  5.479725e-01   2.948527e-19   2.495786e-04   2.058043e-20   504
  5.489174e-01   2.643518e-19   1.748652e-04   1.593797e-20   528
  5.502396e-01   1.858320e-19   2.382437e-04   1.196458e-20   438
  5.513273e-01   2.118694e-19   2.772938e-04   1.025883e-20   624
  5.521470e-01   2.498190e-19   3.396475e-04   1.862725e-20   312
  5.532738e-01   3.047067e-19   1.829935e-04   1.276195e-20   696
  5.544390e-01   2.587650e-19   1.655760e-04   1.336467e-20   552
  5.556509e-01   2.148079e-19   1.281006e-04   1.142636e-20   516
  5.564006e-01   2.811590e-19   2.558713e-04   1.610189e-20   528
  5.573133e-01   1.757128e-19   1.664001e-04   9.823577e-21   528
  5.586097e-01   2.241655e-19   2.194479e-04   1.033823e-20   864
  5.594897e-01   2.507760e-19   3.005985e-04   1.700616e-20   408
  5.603706e-01   3.335715e-19   2.978186e-04   2.615829e-20   192
  5.616191e-01   2.214076e-19   2.464592e-04   1.211314e-20   720
  5.626731e-01   2.319667e-19   2.272475e-04   1.119344e-20   696
  5.639255e-01   2.408521e-19   2.454294e-04   1.161638e-20   720
  5.650713e-01   2.638737e-19   3.326501e-04   1.632746e-20   432
  5.657395e-01   2.208834e-19   1.958109e-04   1.649061e-20   264
  5.669418e-01   2.411896e-19   2.704061e-04   1.170216e-20   672
  5.680171e-01   2.703855e-19   2.768544e-04   1.417338e-20   600
  5.692933e-01   1.431223e-19   1.620980e-04   1.005165e-20   270
  5.699366e-01   1.608734e-19   2.440026e-04   1.050419e-20   528
  5.709591e-01   2.484780e-19   1.670843e-04   1.113430e-20   840
  5.723613e-01   2.365436e-19   3.194952e-04   9.824318e-21   888
  5.736568e-01   1.876367e-19   2.380474e-04   8.899700e-21   744
  5.747517e-01   3.105533e-19   1.223216e-04   2.103038e-20   456
  5.752963e-01   3.406560e-19   1.671601e-04   1.716160e-20   360
  5.762282e-01   1.386856e-19   1.448348e-04   9.340069e-21   384
  5.776580e-01   2.264886e-19   2.323137e-04   1.104402e-20   816
  5.787308e-01   2.277891e-19   3.370546e-04   9.860271e-21   824
  5.800348e-01   2.192755e-19   1.566791e-04   1.663330e-20   360
  5.807331e-01   3.017493e-19   2.311994e-04   1.444756e-20   624
  5.816941e-01   2.611863e-19   1.562320e-04   1.667743e-20   360
  5.829744e-01   2.143917e-19   2.125215e-04   1.074619e-20   876
  5.841306e-01   2.294550e-19   2.524119e-04   1.332432e-20   696
  5.852967e-01   2.232272e-19   1.629911e-04   1.783547e-20   336
  5.859080e-01   2.620673e-19   1.628079e-04   1.911564e-20   504
  5.869176e-01   2.122964e-19   1.642187e-04   1.350890e-20   672
  5.884155e-01   2.153608e-19   3.269213e-04   1.000714e-20   720
  5.894543e-01   1.888716e-19   2.469541e-04   9.975291e-21   774
  5.906010e-01   1.618568e-19   1.413501e-04   1.212243e-20   384
  5.912015e-01   2.864439e-19   2.720183e-04   1.759572e-20   528
  5.921335e-01   2.231517e-19   2.592486e-04   1.091209e-20   744
  5.936327e-01   3.116632e-19   2.138251e-04   1.522935e-20   768
  5.946281e-01   1.578962e-19   2.400348e-04   9.576457e-21   552
  5.958700e-01   2.126079e-19   2.616108e-04   1.085172e-20   696
  5.967938e-01   2.580948e-19   3.179026e-04   1.829220e-20   408
  5.975272e-01   2.473530e-19   1.373364e-04   1.483646e-20   504
  5.986899e-01   2.381922e-19   2.467198e-04   1.221284e-20   888
  5.998339e-01   1.887232e-19   2.564132e-04   1.097169e-20   648
  6.010230e-01   1.824874e-19   2.542153e-04   8.719309e-21   648
  6.021418e-01   2.065691e-19   2.741064e-04   1.141349e-20   792
  6.033268e-01   2.012506e-19   4.010364e-04   1.286807e-20   600
  6.042000e-01   1.822711e-19   2.717856e-04   1.264687e-20   456
  6.051191e-01   2.181683e-19   1.324567e-04   1.208239e-20   648
  6.062996e-01   1.862968e-19   2.583099e-04   8.361566e-21   936
  6.075741e-01   2.890969e-19   1.586356e-04   1.596222e-20   384
  6.086836e-01   2.540791e-20   0.000000e+00   2.557821e-21   198
  6.095398e-01   2.340884e-20   4.024720e-04   9.308164e-22   1224
  6.104634e-01   2.793465e-20   2.931235e-04   1.657835e-21   420
  6.115558e-01   2.349943e-20   2.836822e-04   1.129534e-21   792
  6.126238e-01   2.088301e-20   2.345810e-04   1.008934e-21   680
  6.138428e-01   2.010342e-20   2.154033e-04   1.162186e-21   600
  6.148235e-01   1.838077e-20   3.123938e-04   8.585236e-22   840
  6.161330e-01   1.741402e-20   1.474979e-04   9.050934e-22   432
  6.166334e-01   2.017056e-20   1.382249e-04   9.621569e-22   720
  6.177213e-01   1.706326e-20   2.768404e-04   7.453543e-22   960
  6.190745e-01   1.567596e-20   2.467829e-04   9.519569e-22   528
  6.200634e-01   1.902814e-20   2.522592e-04   1.196325e-21   624
  6.212404e-01   1.659122e-20   1.982740e-04   7.551831e-22   816
  6.224086e-01   1.496640e-20   3.260658e-04   7.447596e-22   696
  6.236996e-01   1.194704e-20   8.991328e-09   7.961118e-22   240
  6.241851e-01   1.676332e-20   1.922888e-04   8.402008e-22   672
  6.252686e-01   1.364189e-20   3.436476e-04   6.615405e-22   864
  6.264840e-01   9.749726e-21   2.636938e-04   3.856950e-22   816
  6.275795e-01   1.098777e-20   1.509292e-04   6.060352e-22   648
  6.287594e-01   1.578691e-20   1.542771e-04   8.156246e-22   843
  6.297611e-01   1.325405e-20   2.775825e-04   7.834109e-22   780
  6.309548e-01   1.180196e-20   1.489456e-04   1.251814e-21   216
  6.316911e-01   1.237973e-20   3.591661e-04   6.156133e-22   1056
  6.328235e-01   9.067338e-21   2.938382e-04   9.650414e-22   228
  6.338720e-01   1.429838e-20   3.658358e-04   7.928756e-22   924
  6.349484e-01   1.149568e-20   1.357046e-04   5.416790e-22   696
  6.360882e-01   9.885022e-21   2.415153e-04   5.419858e-22   996
  6.372543e-01   7.648405e-21   1.425858e-04   5.128159e-22   576
  6.384675e-01   1.152099e-20   2.200718e-04   1.103254e-21   552
  6.393519e-01   1.129115e-20   2.627580e-04   6.667863e-22   516
  6.402494e-01   1.057336e-20   3.821047e-04   6.695285e-22   744
  6.412749e-01   5.659626e-21   1.874451e-04   3.064129e-22   576
  6.421669e-01   7.154588e-21   1.929285e-04   3.707729e-22   792
  6.434346e-01   8.157507e-21   2.205530e-04   5.239144e-22   792
  6.443636e-01   8.239064e-21   2.378641e-04   5.042090e-22   720
  6.456200e-01   7.047659e-21   2.711104e-04   3.423606e-22   656
  6.467974e-01   6.982032e-21   2.960385e-04   3.487771e-22   816
  6.480043e-01   7.847008e-21   1.596190e-04   6.125461e-22   492
  6.486903e-01   7.321268e-21   2.296231e-04   4.271824e-22   552
  6.499778e-01   5.137217e-21   3.992867e-04   3.001922e-22   780
  6.508139e-01   5.848759e-21   2.452771e-04   3.690998e-22   528
  6.517148e-01   4.446910e-21   2.863130e-04   2.845741e-22   600
  6.530425e-01   5.961813e-21   2.379487e-04   2.483355e-22   900
  6.539577e-01   5.446294e-21   1.317325e-04   2.969880e-22   696
  6.552168e-01   4.280397e-21   3.330907e-04   2.516156e-22   696
  6.564349e-01   2.901487e-21   1.351317e-04   1.123890e-22   552
  6.574592e-01   4.174558e-21   1.571457e-04   2.072132e-22   708
  6.585322e-01   4.367341e-21   2.594565e-04   2.143301e-22   876
  6.596487e-01   5.063037e-21   1.377663e-04   5.025660e-22   216
  6.603980e-01   4.457919e-21   3.768094e-04   1.859245e-22   1032
  6.615201e-01   3.174319e-21   4.195357e-04   1.943611e-22   600
  6.626848e-01   2.556581e-21   2.001869e-04   1.216046e-22   600
  6.635732e-01   3.947770e-21   3.535112e-04   1.958188e-22   528
  6.646233e-01   3.586305e-21   1.940622e-04   2.147549e-22   732
  6.657296e-01   4.409243e-21   1.432973e-04   3.333447e-22   336
  6.670031e-01   3.266778e-21   2.042271e-04   1.613791e-22   912
  6.679548e-01   2.073957e-21   2.049821e-04   7.620438e-23   624
  6.689946e-01   3.147051e-21   1.727341e-04   1.476563e-22   768
  6.702082e-01   2.526319e-21   3.116463e-04   9.530648e-23   792
  6.713995e-01   2.831172e-21   1.545014e-04   1.534825e-22   660
  6.722471e-01   2.776087e-21   2.276826e-04   1.945263e-22   504
  6.731238e-01   2.065282e-21   3.719898e-04   1.018896e-22   480
  6.744376e-01   1.939846e-21   3.440421e-04   7.782143e-23   912
  6.754664e-01   2.452088e-21   3.831443e-04   1.534082e-22   432
  6.764380e-01   2.718767e-21   2.275021e-04   1.597653e-22   564
  6.773006e-01   2.040985e-21   2.177508e-04   7.332831e-23   600
  6.785149e-01   2.451734e-21   3.035240e-04   1.008492e-22   876
  6.794272e-01   2.240166e-21   1.364735e-04   1.687435e-22   264
  6.806846e-01   1.810301e-21   2.648123e-04   1.140728e-22   560
  6.816953e-01   1.834938e-21   1.799457e-04   7.772574e-23   840
  6.829222e-01   1.597184e-21   2.774244e-04   7.568978e-23   1008
  6.840568e-01   1.189484e-21   1.241010e-04   4.654077e-23   456
  6.850930e-01   2.012841e-21   1.607553e-04   1.019420e-22   576
  6.860509e-01   1.704011e-21   2.470177e-04   7.659899e-23   612
  6.873140e-01   1.680888e-21   2.206269e-04   7.702676e-23   780
  6.883444e-01   1.453396e-21   2.528284e-04   6.112325e-23   648
  6.893992e-01   1.697619e-21   1.178213e-04   1.134186e-22   312
  6.900734e-01   1.299124e-21   2.993645e-04   5.887994e-23   528
  6.912414e-01   1.193760e-21   3.909551e-04   4.262678e-23   720
  6.923583e-01   1.606192e-21   3.921794e-04   8.958962e-23   576
  6.937124e-01   1.380774e-21   3.383053e-04   6.620700e-23   444
  6.945549e-01   1.265066e-21   3.317685e-04   4.236491e-23   996
  6.955874e-01   1.112310e-21   2.771265e-04   6.962967e-23   432
  6.965633e-01   1.339471e-21   3.033990e-04   7.191106e-23   504
  6.974062e-01   8.028036e-22   1.367883e-04   2.659560e-23   504
  6.986065e-01   1.342923e-21   2.692009e-04   5.034382e-23   876
  6.996926e-01   1.052180e-21   3.098246e-04   6.199518e-23   504
  7.008236e-01   9.723042e-22   1.975899e-04   4.407580e-23   696
  7.017583e-01   1.033076e-21   1.689187e-04   4.397486e-23   492
  7.030300e-01   9.156224e-22   2.418152e-04   4.503231e-23   432
  7.039719e-01   1.074815e-21   2.264335e-04   4.227371e-23   768
  7.050885e-01   9.764288e-22   2.820533e-04   4.305502e-23   648
  7.061547e-01   8.466784e-22   1.840095e-04   4.191751e-23   456
  7.073798e-01   9.865768e-22   2.530430e-04   4.425024e-23   552
  7.082306e-01   8.174246e-22   1.734358e-04   3.205391e-23   648
  7.094016e-01   6.687053e-22   2.826907e-04   2.221774e-23   840
  7.105454e-01   7.674107e-22   1.348092e-04   3.216687e-23   432
  7.116906e-01   8.713550e-22   1.651183e-04   4.490562e-23   600
  7.124870e-01   8.576565e-22   1.759227e-04   4.445069e-23   432
  7.138248e-01   7.983636e-22   1.751482e-04   3.178273e-23   560
  7.147308e-01   6.139324e-22   2.772412e-04   1.765671e-23   840
  7.158652e-01   6.571388e-22   1.642140e-04   3.314670e-23   504
  7.167662e-01   6.041209e-22   3.351509e-04   2.003884e-23   696
  7.180362e-01   7.800831e-22   1.830475e-04   3.826884e-23   384
  7.190254e-01   5.424596e-22   2.681431e-04   1.908089e-23   576
  7.202219e-01   5.569207e-22   1.654845e-04   2.173559e-23   360
  7.211864e-01   6.319386e-22   2.464465e-04   2.346943e-23   828
  7.222268e-01   5.194291e-22   2.195064e-04   2.357330e-23   372
  7.231800e-01   5.543292e-22   3.352284e-04   2.148234e-23   576
  7.244428e-01   5.823354e-22   1.403933e-04   2.364318e-23   636
  7.253425e-01   5.625195e-22   2.706420e-04   2.427380e-23   648
  7.265596e-01   4.701540e-22   2.200024e-04   1.770949e-23   576
  7.274333e-01   5.103817e-22   3.548870e-04   2.052930e-23   528
  7.285953e-01   5.065138e-22   1.517289e-04   2.560392e-23   360
  7.295571e-01   4.336832e-22   3.490332e-04   1.412681e-23   672
  7.308130e-01   5.258189e-22   1.787806e-04   1.621117e-23   804
  7.318582e-01   4.502356e-22   1.972163e-04   2.273941e-23   408
  7.330145e-01   5.838000e-22   1.219011e-04   2.890086e-23   384
  7.337931e-01   3.767628e-22   2.789567e-04   1.619609e-23   480
  7.348913e-01   4.245671e-22   1.802469e-04   2.080550e-23   432
  7.359446e-01   4.205798e-22   3.321566e-04   1.399653e-23   648
  7.371913e-01   3.692937e-22   2.061016e-04   1.222183e-23   624
  7.381033e-01   3.998409e-22   1.874668e-04   1.944762e-23   456
  7.393486e-01   3.526823e-22   2.560963e-04   1.301778e-23   588
  7.401831e-01   3.241281e-22   1.633884e-04   1.048332e-23   600
  7.414016e-01   3.835793e-22   2.548458e-04   1.368550e-23   708
  7.423640e-01   3.706317e-22   1.605479e-04   1.857842e-23   360
  7.434275e-01   3.482645e-22   1.845541e-04   1.335952e-23   552
  7.444470e-01   3.129078e-22   1.294691e-04   1.436286e-23   288
  7.454820e-01   3.272666e-22   2.434372e-04   1.171692e-23   528
  7.464545e-01   3.552044e-22   1.642340e-04   1.282829e-23   456
  7.475410e-01   3.595726e-22   2.912225e-04   1.456725e-23   608
  7.486338e-01   2.712330e-22   1.408967e-04   8.790235e-24   504
  7.498278e-01   2.502384e-22   3.024972e-04   8.170430e-24   540
  7.507642e-01   2.815532e-22   3.247222e-04   1.181556e-23   360
  7.517735e-01   3.030876e-22   1.470509e-04   1.087289e-23   540
  7.526661e-01   2.763675e-22   1.262606e-04   9.822636e-24   576
  7.539642e-01   2.691315e-22   2.927555e-04   9.367525e-24   588
  7.551985e-01   2.453624e-22   4.039143e-04   7.229307e-24   672
  7.562588e-01   2.756748e-22   3.087151e-04   1.041445e-23   552
  7.571135e-01   2.725856e-22   3.088712e-04   1.865559e-23   144
  7.582042e-01   2.751919e-22   2.624178e-04   9.865611e-24   600
  7.592383e-01   2.208183e-22   3.288668e-04   7.278622e-24   504
  7.603860e-01   2.277449e-22   3.378126e-04   1.009244e-23   336
  7.615932e-01   2.454626e-22   3.797028e-04   9.135007e-24   600
  7.626744e-01   2.239754e-22   2.450478e-04   7.845651e-24   636
  7.638413e-01   2.201555e-22   1.970206e-04   1.068249e-23   384
  7.646595e-01   1.990103e-22   2.748205e-04   7.565170e-24   504
  7.658387e-01   1.639423e-22   1.153383e-04   7.774899e-24   240
  7.667694e-01   2.174472e-22   2.709461e-04   6.483908e-24   744
  7.678860e-01   2.021445e-22   1.850150e-04   6.876381e-24   648
  7.688783e-01   2.601598e-22   1.228185e-04   1.912079e-23   120
  7.700414e-01   1.983912e-22   1.929319e-04   6.259684e-24   564
  7.709202e-01   2.027601e-22   3.030111e-04   1.009535e-23   432
  7.720932e-01   2.100196e-22   2.351965e-04   8.385193e-24   480
  7.729764e-01   1.560503e-22   1.731106e-04   5.656629e-24   456
  7.740189e-01   1.843855e-22   2.864725e-04   6.605400e-24   444
  7.752020e-01   1.705588e-22   4.383180e-04   6.080960e-24   528
  7.762412e-01   1.836449e-22   3.255297e-04   8.789492e-24   264
  7.772498e-01   1.810766e-22   3.336195e-04   7.716025e-24   444
  7.786065e-01   1.802129e-22   3.654311e-04   5.515268e-24   696
  7.797327e-01   1.636510e-22   1.954448e-04   7.635722e-24   384
  7.805563e-01   1.653009e-22   2.469609e-04   7.331268e-24   432
  7.818373e-01   1.510865e-22   1.706384e-04   5.599707e-24   488
  7.826690e-01   1.710976e-22   2.571733e-04   6.689429e-24   480
  7.838749e-01   1.362522e-22   2.868014e-04   5.089578e-24   480
  7.848089e-01   1.740270e-22   1.203331e-04   7.982555e-24   240
  7.858692e-01   1.730906e-22   2.810886e-04   7.092523e-24   600
  7.868694e-01   1.340303e-22   2.449399e-04   6.167091e-24   288
  7.879343e-01   1.733094e-22   2.356143e-04   6.893085e-24   480
  7.890129e-01   1.427643e-22   4.191157e-04   4.870872e-24   504
  7.900748e-01   1.774877e-22   1.798267e-04   9.861266e-24   216
  7.914291e-01   1.223732e-22   2.944050e-04   4.191277e-24   504
  7.924838e-01   1.217221e-22   2.367912e-04   4.269617e-24   456
  7.936384e-01   1.546079e-22   1.358038e-04   6.166340e-24   384
  7.944031e-01   1.378856e-22   2.756326e-04   4.831640e-24   480
  7.954897e-01   1.142375e-22   2.420363e-04   3.532993e-24   504
  7.964966e-01   1.174222e-22   1.535327e-04   5.029574e-24   312
  7.975815e-01   1.383050e-22   2.474127e-04   5.256464e-24   492
  7.985417e-01   1.246163e-22   2.318919e-04   5.476682e-24   312
  7.997779e-01   1.206605e-22   3.766899e-04   3.982511e-24   576
  8.008661e-01   1.197591e-22   3.477153e-04   5.470877e-24   336
  8.017699e-01   1.062057e-22   2.677247e-04   5.513946e-24   240
  8.030228e-01   1.189167e-22   3.549351e-04   4.216192e-24   468
  8.041047e-01   1.440256e-22   2.222407e-04   8.764020e-24   192
  8.052370e-01   1.166785e-22   2.229031e-04   5.664131e-24   324
  8.060669e-01   1.004803e-22   1.617794e-04   3.698522e-24   600
  8.071978e-01   1.072389e-22   2.624704e-04   4.081549e-24   456
  8.080377e-01   9.655415e-23   1.180592e-04   5.139951e-24   336
  8.094297e-01   1.116662e-22   3.535027e-04   3.812395e-24   612
  8.104424e-01   9.372802e-23   2.966749e-04   6.825844e-24   144
  8.114002e-01   1.097425e-22   3.462957e-04   3.579884e-24   552
  8.127025e-01   1.012757e-22   1.363755e-04   5.051615e-24   264
  8.134384e-01   9.866301e-23   3.157441e-04   3.910387e-24   336
  8.145992e-01   1.009073e-22   2.086329e-04   4.216539e-24   384
  8.156059e-01   9.968204e-23   1.174397e-04   5.037118e-24   216
  8.167203e-01   9.717256e-23   2.489964e-04   5.015716e-24   344
  8.177364e-01   8.884063e-23   3.715143e-04   3.691992e-24   408
  8.189746e-01   7.291631e-23   2.854845e-04   4.128983e-24   264
  8.200718e-01   7.456354e-23   3.979796e-04   2.447670e-24   612
  8.211681e-01   1.094990e-22   2.048307e-04   4.172475e-24   408
  8.222956e-01   7.451328e-23   2.051251e-04   2.943602e-24   444
  8.231239e-01   1.178515e-22   1.147249e-04   7.785831e-24   120
  8.242338e-01   9.538051e-23   3.169640e-04   3.911869e-24   336
  8.250576e-01   8.218638e-23   1.101437e-04   4.863152e-24   288
  8.261708e-01   9.327629e-23   3.427692e-04   3.358250e-24   552
  8.277012e-01   8.079055e-23   1.835347e-08   9.220814e-24   72
  8.284882e-01   9.130382e-23   3.404572e-04   3.780197e-24   504
  8.294074e-01   6.624549e-23   1.095558e-04   3.804459e-24   216
  8.305983e-01   7.676257e-23   1.956043e-04   4.214514e-24   312
  8.316675e-01   8.469242e-23   2.227263e-04   3.743480e-24   336
  8.326865e-01   7.659283e-23   3.087236e-04   5.760211e-24   204
  8.337014e-01   7.922357e-23   3.587838e-04   3.333273e-24   504
  8.347777e-01   7.495412e-23   3.416652e-04   3.365687e-24   396
  8.358127e-01   8.008983e-23   3.133249e-04   3.988924e-24   312
  8.370674e-01   7.827374e-23   1.914750e-04   4.355550e-24   216
  8.379516e-01   9.359154e-23   1.039172e-04   8.281990e-24   168
  8.390260e-01   7.657674e-23   2.623966e-04   2.528144e-24   588
  8.402521e-01   6.374940e-23   3.561727e-04   3.354439e-24   240
  8.412047e-01   6.566226e-23   3.145601e-04   4.510448e-24   264
  8.423219e-01   6.894585e-23   3.890183e-04   4.276369e-24   288
  8.433131e-01   8.376863e-23   1.942596e-04   5.535399e-24   288
  8.445693e-01   6.264268e-23   1.824407e-04   2.743512e-24   288
  8.454153e-01   7.797421e-23   2.113423e-04   5.872454e-24   192
  8.464795e-01   5.897660e-23   2.248894e-04   3.177343e-24   264
  8.474933e-01   7.708299e-23   3.699119e-04   4.126612e-24   372
  8.485844e-01   6.829280e-23   3.995208e-04   3.672799e-24   360
  8.499161e-01   8.002665e-23   1.690810e-04   5.574321e-24   144
  8.506044e-01   4.917613e-23   2.348461e-04   2.773851e-24   296
  8.516909e-01   6.741183e-23   2.530345e-04   4.481641e-24   288
  8.529347e-01   7.295695e-23   3.781537e-04   3.156064e-24   480
  8.540076e-01   4.168691e-23   3.142096e-04   3.291860e-24   192
  8.550509e-01   8.071769e-23   3.370327e-04   4.850815e-24   192
  8.559992e-01   5.981945e-23   2.147949e-04   3.882080e-24   288
  8.573180e-01   4.116652e-23   1.869760e-04   3.436934e-24   108
  8.579823e-01   7.165838e-23   1.797545e-04   3.632707e-24   240
  8.591554e-01   6.081757e-23   3.353363e-04   3.419630e-24   384
  8.603605e-01   7.399731e-23   4.090723e-04   6.960016e-24   108
  8.614261e-01   6.647021e-23   2.398466e-04   3.144835e-24   348
  8.625466e-01   4.164331e-23   2.503134e-04   2.309681e-24   312
  8.635474e-01   2.513451e-23   2.432319e-04   2.564163e-24   96
  8.644677e-01   6.424966e-23   3.238194e-04   3.258649e-24   384
  8.654984e-01   6.642894e-23   2.227222e-04   6.110357e-24   144
  8.665066e-01   6.333520e-23   3.422225e-04   3.346684e-24   408
  8.677598e-01   4.382145e-23   1.526554e-04   4.020653e-24   144
  8.689437e-01   4.824352e-23   2.934816e-04   3.740924e-24   192
  8.696459e-01   8.900228e-23   3.303190e-04   7.928000e-24   144
  8.707904e-01   5.410730e-23   2.685615e-04   4.008367e-24   144
  8.718702e-01   6.328224e-23   3.282257e-04   3.141720e-24   336
  8.731927e-01   4.368129e-23   2.428454e-04   2.779045e-24   240
  8.740312e-01   5.048041e-23   1.102739e-04   5.021763e-24   96
  8.752007e-01   5.179123e-23   3.233803e-04   3.343363e-24   372
  8.763838e-01   3.916323e-23   3.846540e-04   3.287172e-24   132
  8.774230e-01   4.529717e-23   2.380193e-04   2.812757e-24   264
  8.783527e-01   6.089294e-23   1.827880e-04   3.781438e-24   168
  8.793449e-01   6.470212e-23   2.922429e-04   4.309038e-24   216
  8.802213e-01   3.900822e-23   1.787978e-04   2.946813e-24   216
  8.814979e-01   3.493494e-23   3.280196e-04   3.325134e-24   96
  8.826561e-01   5.486913e-23   2.140028e-04   5.569877e-24   120
  8.837183e-01   5.104108e-23   2.720578e-04   3.552922e-24   216
  8.845934e-01   4.664093e-23   1.188902e-04   3.988572e-24   200
  8.857519e-01   4.722155e-23   3.077557e-04   3.715025e-24   288
  8.872378e-01   2.328675e-23   8.097649e-05   2.199336e-24   144
  8.878635e-01   6.114980e-23   2.519939e-04   7.783251e-24   168
  8.891412e-01   4.119515e-23   2.835956e-04   3.450409e-24   159
  8.901386e-01   4.122271e-23   2.975600e-04   3.220718e-24   174
  8.911039e-01   4.189223e-23   2.698170e-04   3.253469e-24   144
  8.923678e-01   5.148617e-23   1.557998e-04   3.339265e-24   222
  8.932131e-01   4.126324e-23   1.572158e-04   3.539673e-24   168
  8.946732e-01   6.227468e-23   3.448346e-04   1.174538e-23   30
  8.952763e-01   1.752656e-23   3.044637e-04   1.958732e-24   72
  8.964123e-01   3.804314e-23   2.717302e-04   3.248498e-24   258
  8.976612e-01   3.308544e-23   1.701916e-04   2.572324e-24   264
  8.982857e-01   4.250140e-23   0.000000e+00   6.333797e-24   72
  8.995871e-01   2.246380e-23   3.373270e-04   2.181995e-24   174
  9.007654e-01   3.953239e-23   3.591909e-04   4.345440e-24   168
  9.017127e-01   1.200396e-23   1.123916e-08   1.288673e-24   48
  9.027297e-01   2.179787e-23   2.028435e-04   1.924232e-24   150
  9.039088e-01   5.986723e-23   3.731453e-04   4.360134e-24   168
  9.050911e-01   3.192505e-23   2.273028e-04   2.486644e-24   144
  9.061784e-01   3.916018e-23   2.123525e-04   5.992615e-24   102
  9.069882e-01   1.306485e-23   3.143182e-04   1.197710e-24   96
  9.082731e-01   1.295636e-23   3.119397e-04   9.698753e-25   120
  9.092246e-01   1.203693e-23   3.345635e-04   7.984873e-25   168
  9.102538e-01   5.349925e-23   2.470487e-04   4.408756e-24   126
  9.111308e-01   2.817380e-23   1.863241e-04   3.098299e-24   168
  9.123389e-01   1.585734e-23   2.987709e-04   1.919870e-24   72
  9.133947e-01   1.646612e-23   3.741278e-04   1.234219e-24   168
  9.143196e-01   3.922281e-23   1.025668e-04   6.426976e-24   78
  9.155870e-01   1.284451e-23   1.684070e-04   1.211713e-24   60
  9.166075e-01   5.855384e-23   2.731835e-04   8.412582e-24   96
  9.176659e-01   2.269584e-23   3.314854e-04   1.703331e-24   168
  9.186605e-01   1.981304e-23   2.097511e-04   3.082295e-24   86
  9.197042e-01   9.903320e-24   1.874678e-04   1.402954e-24   120
  9.212002e-01   1.637333e-23   1.336894e-04   1.244803e-24   168
  9.220069e-01   1.004361e-23   0.000000e+00   1.138631e-24   48
  9.230934e-01   3.455439e-23   2.435676e-04   3.523718e-24   120
  9.237177e-01   2.141875e-23   1.776924e-04   2.795067e-24   126
  9.252418e-01   2.270744e-23   3.125113e-04   2.101889e-24   96
  9.262310e-01   1.906068e-23   9.011285e-05   1.739563e-24   96
  9.270111e-01   1.040478e-23   0.000000e+00   7.464788e-25   72
  9.286731e-01   1.292464e-23   1.123916e-08   1.572543e-24   24
  9.297104e-01   2.259551e-23   1.854501e-04   2.033471e-24   120
  9.305196e-01   1.693987e-23   2.705147e-04   1.952653e-24   126
  9.314194e-01   8.714405e-24   2.255107e-04   9.626496e-25   96
  9.324708e-01   5.029519e-24   3.897482e-04   4.037186e-25   72
  9.336415e-01   1.164989e-23   1.685792e-04   9.500420e-25   144
  9.346046e-01   1.305971e-23   9.723254e-05   1.423735e-24   72
  9.355666e-01   1.984520e-23   1.942081e-04   4.072843e-24   54
  9.364132e-01   2.060397e-23   1.711436e-04   2.613779e-24   108
  9.381728e-01   2.107534e-23   1.677650e-04   1.865359e-24   72
  9.387206e-01   1.851739e-23   9.680617e-05   2.221921e-24   72
  9.400202e-01   1.006710e-23   1.946680e-08   1.567396e-24   24
  9.412498e-01   3.420085e-24   2.047976e-04   4.435805e-25   48
  9.419964e-01   1.501790e-23   1.560029e-04   2.362631e-24   102
  9.431203e-01   9.348215e-24   3.528137e-04   8.981011e-25   168
  9.445889e-01   6.016517e-24   1.924163e-04   5.554350e-25   72
  9.451330e-01   7.122838e-24   0.000000e+00   9.271191e-25   48
  9.462744e-01   1.215765e-23   3.309678e-04   1.038590e-24   120
  9.477807e-01   9.786390e-24   2.033864e-04   6.014991e-25   96
  9.492033e-01   2.161496e-23   2.202416e-08   6.909910e-24   30
  9.508942e-01   2.098580e-23   9.555995e-05   2.589621e-24   72
  9.516372e-01   8.063650e-24   1.123916e-08   1.646556e-24   24
  9.525916e-01   2.710291e-24   1.416435e-04   2.202426e-25   56
  9.536606e-01   2.939703e-24   2.021324e-04   2.178666e-25   96
  9.549399e-01   8.702570e-24   2.232036e-04   8.704554e-25   144
  9.559263e-01   1.265968e-23   1.267263e-04   3.926023e-24   54
  9.573592e-01   7.170783e-24   1.898493e-04   5.105702e-25   108
  9.588012e-01   1.998551e-23   1.005243e-04   3.086968e-24   48
  9.601739e-01   8.034276e-24   3.785063e-04   6.312014e-25   72
  9.634680e-01   1.562248e-23   2.500803e-04   2.219067e-24   78
  9.643808e-01   2.072263e-24   1.884669e-04   1.442417e-25   72
  9.654462e-01   3.788718e-24   1.882329e-04   4.364108e-25   72
  9.665603e-01   7.462639e-24   4.542266e-04   1.004000e-24   96
  9.674408e-01   4.432732e-24   1.878449e-04   3.141094e-25   72
  9.685029e-01   5.809121e-24   0.000000e+00   8.801753e-25   24
  9.695638e-01   7.948039e-24   3.748416e-04   6.075229e-25   72
  9.719599e-01   8.504088e-24   2.380359e-04   1.485221e-24   30
  9.724755e-01   1.009307e-23   0.000000e+00   1.511092e-24   24
  9.752466e-01   1.595066e-24   1.976584e-04   1.246073e-25   48
  9.761159e-01   5.232322e-24   4.253608e-04   8.316752e-25   120
  9.772870e-01   2.623988e-24   1.859776e-04   2.164688e-25   72
  9.784697e-01   3.031541e-24   1.857528e-04   4.220942e-25   36
  9.792826e-01   5.644129e-24   3.671339e-04   8.674170e-25   78
  9.815513e-01   7.010748e-24   1.963888e-04   7.425262e-25   48
  9.844928e-01   1.059227e-23   1.589457e-08   8.008998e-25   24
  9.865884e-01   1.296307e-24   1.367612e-04   1.622551e-25   56
  9.876436e-01   2.025132e-24   2.104496e-04   1.989067e-25   102
  9.889860e-01   3.106054e-24   1.498555e-08   2.590470e-25   72
  9.897653e-01   4.174939e-24   0.000000e+00   8.333186e-25   24
  9.911277e-01   3.093089e-24   1.944913e-04   3.123811e-25   48
  9.936528e-01   4.526718e-24   0.000000e+00   8.995533e-25   24
  9.967520e-01   6.026200e-24   0.000000e+00   1.684278e-24   6
  9.977185e-01   1.091892e-24   0.000000e+00   1.369230e-25   24
  9.983623e-01   1.253584e-24   1.820511e-04   9.133962e-26   72
  9.995384e-01   1.633302e-24   3.396336e-04   1.125659e-25   84
  1.000805e+00   3.410163e-24   0.000000e+00   6.607071e-25   24
  1.001190e+00   3.209711e-24   1.589457e-08   3.156572e-25   24
  1.003114e+00   4.875277e-24   1.123916e-08   7.043543e-25   24
  1.005800e+00   2.668844e-24   0.000000e+00   3.688759e-25   6
  1.009244e+00   8.849703e-25   1.910001e-04   1.218634e-25   48
  1.010072e+00   1.015255e-24   3.598129e-04   8.029644e-26   72
  1.011152e+00   1.649166e-24   1.906396e-04   1.639424e-25   48
  1.012867e+00   3.861385e-24   0.000000e+00   5.855468e-25   24
  1.015148e+00   7.565427e-24   1.123916e-08   1.526406e-24   6
  1.020262e+00   5.929204e-25   0.000000e+00   1.285953e-25   8
  1.020640e+00   8.944724e-25   1.123916e-08   7.555278e-26   48
  1.021546e+00   1.086755e-24   1.848806e-04   1.012269e-25   60
  1.022904e+00   2.085189e-24   0.000000e+00   3.903382e-25   24
  1.024787e+00   2.899284e-24   0.000000e+00   6.522154e-25   6
  1.031723e+00   6.820598e-25   0.000000e+00   9.321029e-26   24
  1.032283e+00   9.508849e-25   1.867372e-04   8.894634e-26   48
  1.033217e+00   1.117494e-24   0.000000e+00   2.205498e-25   24
  1.034708e+00   5.657315e-25   1.123916e-08   1.624213e-25   6
  1.043181e+00   5.789312e-25   1.742080e-04   5.703439e-26   36
  1.043797e+00   6.800388e-25   0.000000e+00   8.785634e-26   24
  1.044904e+00   1.481661e-24   0.000000e+00   4.960342e-25   6
  1.054545e+00   3.459834e-25   1.583190e-04   3.550107e-26   32
  1.055367e+00   4.055204e-25   1.123916e-08   1.585794e-25   6
  1.065728e+00   4.070522e-25   0.000000e+00   7.334535e-26   12
  1.066089e+00   5.817204e-25   0.000000e+00   1.435854e-25   6
  1.077063e+00   9.491419e-26   1.589457e-08   2.445499e-26   6
