# power spectrum of chi
# redshift z=30.000000
# k              Pk             sigma(k)       sigma(Pk)      count
  1.963495e-02   1.500500e-20   0.000000e+00   4.626045e-21   6
  2.776802e-02   5.747755e-20   0.000000e+00   1.446193e-20   12
  3.400874e-02   3.330279e-20   3.725290e-10   1.426013e-20   8
  3.926991e-02   1.945221e-20   0.000000e+00   7.380033e-21   6
  4.390509e-02   2.169670e-20   0.000000e+00   4.915112e-21   24
  4.809562e-02   2.577839e-20   7.024475e-10   3.630292e-21   24
  5.553604e-02   2.886932e-20   0.000000e+00   9.742541e-21   12
  5.890486e-02   2.116575e-20   7.947286e-10   3.070668e-21   30
  6.209118e-02   9.787181e-21   0.000000e+00   1.823052e-21   24
  6.512178e-02   1.395663e-20   1.216675e-09   2.923936e-21   24
  6.801748e-02   1.014441e-20   7.450581e-10   2.719168e-21   8
  7.079483e-02   1.034672e-20   9.934107e-10   3.012527e-21   24
  7.346727e-02   1.026241e-20   0.000000e+00   1.580340e-21   48
  7.853982e-02   3.458216e-21   0.000000e+00   8.143823e-22   6
  8.095699e-02   6.799453e-21   0.000000e+00   9.824000e-22   48
  8.330406e-02   6.666994e-21   0.000000e+00   1.306805e-21   36
  8.558678e-02   5.985357e-21   9.934107e-10   9.725677e-22   24
  8.781018e-02   7.865576e-21   0.000000e+00   1.343549e-21   24
  8.997866e-02   6.123122e-21   0.000000e+00   7.589030e-22   48
  9.209610e-02   8.145319e-21   1.404895e-09   1.113592e-21   24
  9.619124e-02   4.394445e-21   1.404895e-09   5.953382e-22   24
  9.817477e-02   3.272473e-21   0.000000e+00   5.398521e-22   30
  1.001190e-01   5.370596e-21   0.000000e+00   6.245019e-22   72
  1.020262e-01   3.375474e-21   1.490116e-09   5.148289e-22   32
  1.057375e-01   3.668681e-21   0.000000e+00   3.873399e-22   72
  1.075451e-01   2.746262e-21   0.000000e+00   4.186948e-22   48
  1.110721e-01   4.244573e-21   0.000000e+00   1.455919e-21   12
  1.127942e-01   2.727518e-21   0.000000e+00   4.001101e-22   48
  1.144905e-01   3.110556e-21   0.000000e+00   4.081702e-22   48
  1.161620e-01   3.333167e-21   1.404895e-09   5.299769e-22   48
  1.178097e-01   3.733614e-21   1.589457e-09   7.717956e-22   30
  1.194348e-01   2.462052e-21   1.404895e-09   3.361902e-22   24
  1.210380e-01   2.660235e-21   2.961779e-09   3.231640e-22   72
  1.241824e-01   2.446559e-21   0.000000e+00   7.079340e-22   24
  1.257251e-01   1.829395e-21   1.404895e-09   1.968311e-22   96
  1.272490e-01   1.866760e-21   0.000000e+00   2.725501e-22   48
  1.287550e-01   1.412700e-21   2.433349e-09   1.659135e-22   24
  1.302436e-01   2.882025e-21   2.433349e-09   4.358428e-22   24
  1.317153e-01   1.763620e-21   0.000000e+00   1.893097e-22   72
  1.331707e-01   1.174096e-21   0.000000e+00   1.653686e-22   48
  1.360350e-01   2.268098e-21   1.490116e-09   5.428641e-22   8
  1.374447e-01   1.825064e-21   1.766064e-09   2.093560e-22   54
  1.388401e-01   1.826983e-21   0.000000e+00   1.727484e-22   84
  1.402216e-01   1.048872e-21   0.000000e+00   1.417000e-22   48
  1.415897e-01   1.097711e-21   1.986821e-09   1.481121e-22   24
  1.429446e-01   1.583431e-21   1.873193e-09   1.916604e-22   72
  1.442869e-01   9.858401e-22   0.000000e+00   1.018351e-22   96
  1.469345e-01   1.348721e-21   0.000000e+00   1.770114e-22   48
  1.482407e-01   7.282219e-22   0.000000e+00   1.131804e-22   48
  1.495354e-01   1.084328e-21   1.986821e-09   1.962022e-22   24
  1.508189e-01   1.117742e-21   0.000000e+00   1.079675e-22   72
  1.533539e-01   9.492386e-22   1.873193e-09   1.570905e-22   72
  1.546058e-01   8.385197e-22   0.000000e+00   9.147632e-23   96
  1.570796e-01   7.089059e-22   0.000000e+00   1.886682e-22   6
  1.583021e-01   8.247271e-22   0.000000e+00   1.007196e-22   96
  1.595151e-01   8.267477e-22   1.986821e-09   9.478857e-23   96
  1.607190e-01   1.204299e-21   0.000000e+00   3.045800e-22   24
  1.619140e-01   7.934142e-22   0.000000e+00   9.657754e-23   48
  1.631002e-01   6.225936e-22   0.000000e+00   5.199101e-23   96
  1.642778e-01   8.804492e-22   0.000000e+00   1.390908e-22   48
  1.666081e-01   6.347945e-22   0.000000e+00   1.630945e-22   36
  1.677611e-01   4.142141e-22   3.441276e-09   6.067548e-23   48
  1.689063e-01   4.568250e-22   3.893359e-09   3.363426e-23   120
  1.700437e-01   6.042030e-22   0.000000e+00   1.336271e-22   56
  1.711736e-01   5.130629e-22   1.986821e-09   1.038547e-22   24
  1.722960e-01   6.412534e-22   0.000000e+00   6.322879e-23   96
  1.734112e-01   6.208525e-22   0.000000e+00   9.413872e-23   48
  1.756204e-01   3.617333e-22   0.000000e+00   4.940737e-23   24
  1.767146e-01   5.300568e-22   0.000000e+00   5.213920e-23   102
  1.778021e-01   5.021806e-22   0.000000e+00   6.297945e-23   48
  1.788829e-01   5.871301e-22   0.000000e+00   7.060249e-23   72
  1.799573e-01   4.726199e-22   0.000000e+00   8.865996e-23   48
  1.810253e-01   5.076180e-22   0.000000e+00   6.100855e-23   48
  1.820871e-01   5.820511e-22   4.495664e-09   4.631928e-23   120
  1.841922e-01   6.524473e-22   2.809790e-09   1.269916e-22   24
  1.852358e-01   3.552060e-22   0.000000e+00   2.825723e-23   144
  1.862735e-01   3.005800e-22   3.178914e-09   2.616024e-23   120
  1.873055e-01   3.242334e-22   2.809790e-09   3.795794e-23   48
  1.893526e-01   3.401034e-22   0.000000e+00   3.184499e-23   48
  1.903679e-01   4.306318e-22   2.809790e-09   3.173823e-23   96
  1.930487e-01   3.997012e-22   4.711199e-04   4.268923e-23   72
  1.943761e-01   3.548238e-22   3.532127e-09   3.590355e-23   108
  1.953653e-01   2.999286e-22   0.000000e+00   2.697567e-23   72
  1.963495e-01   2.961519e-22   0.000000e+00   5.100962e-23   30
  1.973288e-01   2.731070e-22   0.000000e+00   2.030971e-23   168
  1.983033e-01   3.650788e-22   0.000000e+00   5.073269e-23   48
  2.002380e-01   2.703291e-22   0.000000e+00   2.458950e-23   72
  2.011984e-01   2.714295e-22   0.000000e+00   2.742807e-23   96
  2.021542e-01   2.900398e-22   5.298191e-09   3.373014e-23   72
  2.031055e-01   3.310149e-22   0.000000e+00   2.993131e-23   72
  2.047049e-01   2.902705e-22   4.350048e-04   2.773124e-23   104
  2.059331e-01   2.352189e-22   3.746387e-09   1.809033e-23   144
  2.087224e-01   1.843848e-22   6.282881e-09   1.864802e-23   96
  2.096439e-01   1.766987e-22   0.000000e+00   1.595934e-23   96
  2.111095e-01   2.507065e-22   4.475232e-04   2.087404e-23   120
  2.123845e-01   1.788527e-22   0.000000e+00   1.504875e-23   120
  2.132902e-01   1.664517e-22   0.000000e+00   1.991756e-23   72
  2.150901e-01   1.605171e-22   0.000000e+00   2.536288e-23   48
  2.159845e-01   2.336816e-22   0.000000e+00   2.325126e-23   78
  2.171286e-01   1.855610e-22   4.007142e-04   1.491390e-23   168
  2.195255e-01   1.821585e-22   3.746387e-09   1.798958e-23   144
  2.204018e-01   1.693723e-22   3.746387e-09   1.581671e-23   144
  2.229436e-01   1.922415e-22   2.307791e-04   1.369569e-23   156
  2.238729e-01   1.495269e-22   2.809790e-09   2.275370e-23   48
  2.247323e-01   1.686966e-22   3.178914e-09   1.606593e-23   120
  2.255884e-01   1.868949e-22   0.000000e+00   3.959761e-23   48
  2.271022e-01   1.573611e-22   3.532495e-04   9.745980e-24   216
  2.289809e-01   1.090101e-22   0.000000e+00   1.755180e-23   48
  2.298212e-01   1.612930e-22   2.809790e-09   1.582995e-23   96
  2.310160e-01   1.398294e-22   4.128272e-04   9.769378e-24   168
  2.323239e-01   1.480187e-22   2.809790e-09   1.285065e-23   48
  2.331522e-01   1.092369e-22   0.000000e+00   9.052847e-24   96
  2.339775e-01   1.597986e-22   0.000000e+00   2.572162e-23   48
  2.356194e-01   1.213993e-22   3.178914e-09   1.739041e-23   30
  2.364362e-01   1.161895e-22   2.809790e-09   1.085252e-23   96
  2.374123e-01   1.206999e-22   3.244455e-04   6.623777e-24   240
  2.386674e-01   1.267357e-22   3.500299e-04   2.443409e-23   32
  2.396752e-01   9.914517e-23   0.000000e+00   8.947349e-24   168
  2.404781e-01   1.166775e-22   0.000000e+00   9.921482e-24   120
  2.420760e-01   9.213665e-23   5.923557e-09   8.703654e-24   72
  2.428710e-01   8.950301e-23   3.746387e-09   7.433146e-24   144
  2.436634e-01   8.100700e-23   0.000000e+00   9.800336e-24   96
  2.444532e-01   8.192611e-23   0.000000e+00   8.063890e-24   96
  2.460253e-01   8.737878e-23   0.000000e+00   1.003380e-23   72
  2.468075e-01   8.743790e-23   3.973643e-09   8.790188e-24   96
  2.483647e-01   1.285961e-22   0.000000e+00   2.333597e-23   24
  2.491396e-01   1.006005e-22   0.000000e+00   6.771168e-24   192
  2.500522e-01   8.793853e-23   2.970416e-04   6.903295e-24   132
  2.514501e-01   1.000025e-22   2.809790e-09   1.443940e-23   96
  2.522156e-01   1.072405e-22   0.000000e+00   9.010473e-24   96
  2.529787e-01   1.006741e-22   3.178914e-09   8.118823e-24   120
  2.544981e-01   1.079678e-22   0.000000e+00   1.696255e-23   48
  2.557435e-01   8.721246e-23   3.599905e-04   5.535094e-24   222
  2.567603e-01   1.094847e-22   0.000000e+00   7.703622e-24   120
  2.575100e-01   5.858399e-23   4.866699e-09   9.541679e-24   24
  2.586015e-01   7.994692e-23   3.715625e-04   4.119022e-24   312
  2.609797e-01   6.096164e-23   3.483547e-04   5.837002e-24   72
  2.619630e-01   7.129377e-23   4.866699e-09   6.598256e-24   96
  2.629726e-01   6.666983e-23   3.547511e-04   4.362972e-24   192
  2.641613e-01   7.232793e-23   4.495664e-09   5.270928e-24   120
  2.648900e-01   6.356379e-23   0.000000e+00   4.988579e-24   144
  2.663415e-01   9.105511e-23   0.000000e+00   1.376475e-23   48
  2.673732e-01   6.135310e-23   3.567146e-04   3.395760e-24   336
  2.685040e-01   7.160269e-23   0.000000e+00   6.501438e-24   48
  2.699360e-01   6.457839e-23   0.000000e+00   4.445448e-24   192
  2.706492e-01   4.236210e-23   0.000000e+00   5.775975e-24   48
  2.726764e-01   5.328452e-23   2.476067e-04   7.749819e-24   56
  2.736844e-01   6.246238e-23   3.180112e-04   3.272777e-24   336
  2.748894e-01   5.886184e-23   3.532127e-09   7.757193e-24   54
  2.759390e-01   5.385243e-23   3.492904e-04   3.521331e-24   240
  2.781181e-01   5.351746e-23   3.344484e-04   3.341954e-24   228
  2.790651e-01   5.784786e-23   3.746387e-09   7.335234e-24   72
  2.799844e-01   6.287240e-23   3.244231e-04   5.256532e-24   144
  2.811298e-01   5.369147e-23   0.000000e+00   5.841409e-24   96
  2.818146e-01   4.924893e-23   4.495664e-09   3.265405e-24   240
  2.831793e-01   6.146705e-23   3.973643e-09   1.026978e-23   24
  2.840530e-01   5.450457e-23   3.064151e-04   3.000158e-24   336
  2.852142e-01   4.952834e-23   0.000000e+00   5.386829e-24   72
  2.862741e-01   5.259878e-23   3.332831e-04   4.102012e-24   168
  2.872346e-01   6.087059e-23   0.000000e+00   6.979402e-24   72
  2.885737e-01   4.694693e-23   0.000000e+00   4.138826e-24   96
  2.896108e-01   3.857568e-23   3.307829e-04   2.855673e-24   216
  2.905708e-01   3.458208e-23   0.000000e+00   3.350810e-24   96
  2.918946e-01   3.778471e-23   0.000000e+00   2.641686e-24   192
  2.925542e-01   3.524010e-23   3.746387e-09   2.678591e-24   144
  2.938691e-01   4.544377e-23   0.000000e+00   5.831314e-24   48
  2.947794e-01   3.767862e-23   3.189136e-04   2.349671e-24   246
  2.960164e-01   4.184035e-23   2.940434e-04   2.958671e-24   168
  2.971308e-01   4.635183e-23   7.786718e-09   4.061092e-24   120
  2.977788e-01   3.256210e-23   0.000000e+00   2.218862e-24   240
  2.990707e-01   4.854296e-23   3.973643e-09   9.317258e-24   24
  3.001001e-01   3.568281e-23   3.147475e-04   2.070155e-24   360
  3.013820e-01   3.225125e-23   3.134082e-04   2.818899e-24   120
  3.022763e-01   3.089602e-23   0.000000e+00   2.716310e-24   144
  3.029133e-01   3.759225e-23   0.000000e+00   3.237288e-24   96
  3.048165e-01   2.668575e-23   0.000000e+00   1.701138e-24   144
  3.054482e-01   2.859117e-23   0.000000e+00   2.629037e-24   132
  3.063360e-01   2.688986e-23   3.093292e-04   1.752381e-24   176
  3.076248e-01   2.955352e-23   3.123602e-04   1.609796e-24   312
  3.092116e-01   2.853462e-23   0.000000e+00   2.887288e-24   96
  3.098343e-01   2.481277e-23   0.000000e+00   1.822724e-24   144
  3.107899e-01   3.000654e-23   3.092271e-04   1.547972e-24   312
  3.123131e-01   3.203032e-23   0.000000e+00   4.083292e-24   48
  3.129297e-01   3.474261e-23   3.973643e-09   2.652428e-24   192
  3.141593e-01   2.514583e-23   0.000000e+00   4.561891e-24   6
  3.149762e-01   2.437394e-23   2.884066e-04   1.491743e-24   288
  3.162994e-01   2.508131e-23   3.047203e-04   1.712934e-24   192
  3.172124e-01   2.454059e-23   9.345130e-09   1.674711e-24   216
  3.178195e-01   3.123436e-23   0.000000e+00   3.799314e-24   72
  3.193321e-01   2.800110e-23   3.018264e-04   1.988399e-24   192
  3.203366e-01   2.464883e-23   2.241224e-04   1.506139e-24   288
  3.214381e-01   3.809161e-23   0.000000e+00   3.769672e-24   24
  3.222890e-01   2.372426e-23   2.952626e-04   1.071874e-24   456
  3.238280e-01   2.215033e-23   0.000000e+00   2.670170e-24   48
  3.247789e-01   2.368472e-23   2.908218e-04   1.350966e-24   240
  3.258718e-01   2.068951e-23   2.939082e-04   1.373361e-24   216
  3.267908e-01   1.978310e-23   3.746387e-09   2.111709e-24   72
  3.273801e-01   2.279834e-23   1.015467e-08   1.911547e-24   168
  3.290441e-01   2.392029e-23   2.184577e-04   1.439334e-24   288
  3.299773e-01   2.271607e-23   2.890570e-04   1.578548e-24   168
  3.314762e-01   1.784994e-23   0.000000e+00   1.081361e-24   192
  3.320572e-01   1.971900e-23   3.746387e-09   1.396291e-24   144
  3.332162e-01   2.640345e-23   0.000000e+00   3.043964e-24   36
  3.341991e-01   2.142096e-23   2.639705e-04   1.005820e-24   342
  3.351389e-01   2.006853e-23   2.710657e-04   1.715578e-24   144
  3.363470e-01   1.965651e-23   2.842800e-04   1.051092e-24   384
  3.378125e-01   2.234328e-23   7.786718e-09   1.882349e-24   120
  3.385379e-01   1.823393e-23   2.534951e-04   1.098340e-24   264
  3.395201e-01   1.909030e-23   1.256576e-08   1.325369e-24   192
  3.404451e-01   1.957807e-23   2.731894e-04   1.770736e-24   152
  3.412191e-01   1.958435e-23   7.492773e-09   1.334251e-24   144
  3.428472e-01   1.765463e-23   1.768108e-04   9.837217e-25   216
  3.436008e-01   1.803933e-23   2.362665e-04   1.054860e-24   312
  3.449274e-01   1.903152e-23   2.738281e-04   1.256723e-24   240
  3.457090e-01   1.542232e-23   3.973643e-09   1.730885e-24   96
  3.471927e-01   1.469635e-23   2.617995e-04   1.322672e-24   144
  3.481071e-01   1.486702e-23   2.573258e-04   7.257047e-25   456
  3.495904e-01   1.726139e-23   0.000000e+00   1.313073e-24   120
  3.501414e-01   1.503507e-23   0.000000e+00   1.170740e-24   144
  3.512407e-01   8.007510e-24   0.000000e+00   1.763385e-24   24
  3.519456e-01   1.420882e-23   2.473498e-04   7.405996e-25   336
  3.531645e-01   1.591726e-23   2.727931e-04   1.213330e-24   198
  3.543067e-01   1.289428e-23   2.652756e-04   6.556360e-25   432
  3.556041e-01   1.236565e-23   0.000000e+00   1.581738e-24   48
  3.562810e-01   1.358601e-23   2.341925e-04   7.202652e-25   384
  3.574963e-01   1.352335e-23   2.696052e-04   1.146270e-24   144
  3.585975e-01   1.174687e-23   2.676825e-04   7.720068e-25   264
  3.599147e-01   1.204476e-23   0.000000e+00   2.125106e-24   48
  3.607984e-01   1.224528e-23   2.545223e-04   7.463350e-25   276
  3.616510e-01   1.305708e-23   2.307176e-04   7.956436e-25   192
  3.627906e-01   1.098502e-23   2.592759e-04   4.967863e-25   552
  3.641741e-01   9.622711e-24   8.991328e-09   8.610296e-25   120
  3.649965e-01   9.010466e-24   2.624511e-04   6.424082e-25   216
  3.657587e-01   1.280779e-23   4.495664e-09   9.905752e-25   120
  3.671201e-01   1.211247e-23   2.584500e-04   7.123942e-25   408
  3.683844e-01   1.041163e-23   5.619580e-09   1.400311e-24   24
  3.691684e-01   1.195756e-23   2.610810e-04   6.437869e-25   384
  3.702633e-01   9.616365e-24   2.550855e-04   5.110679e-25   240
  3.712141e-01   1.150159e-23   2.569535e-04   9.705550e-25   168
  3.725471e-01   8.545754e-24   6.357829e-09   1.093262e-24   120
  3.734064e-01   1.026047e-23   2.678605e-04   5.409770e-25   350
  3.748037e-01   1.211078e-23   4.409502e-04   6.528859e-25   384
  3.756388e-01   9.576677e-24   0.000000e+00   7.901657e-25   144
  3.771752e-01   9.717042e-24   1.059638e-08   6.070423e-25   288
  3.779773e-01   8.590768e-24   2.524053e-04   4.526926e-25   336
  3.790686e-01   1.031996e-23   2.297941e-04   8.221496e-25   168
  3.797219e-01   9.574345e-24   4.541306e-09   4.448596e-25   336
  3.810732e-01   8.554617e-24   2.385126e-04   5.113483e-25   288
  3.818848e-01   1.002978e-23   2.247398e-04   5.926689e-25   264
  3.832590e-01   8.979430e-24   0.000000e+00   6.408550e-25   240
  3.837616e-01   9.607532e-24   7.947286e-09   8.885659e-25   96
  3.855656e-01   8.987753e-24   3.056310e-04   4.487956e-25   360
  3.864075e-01   8.001478e-24   2.253025e-04   6.056135e-25   168
  3.874713e-01   8.014695e-24   2.456032e-04   3.728274e-25   456
  3.887523e-01   6.859522e-24   7.064254e-09   8.105638e-25   108
  3.894728e-01   6.863660e-24   2.464311e-04   4.123173e-25   264
  3.903716e-01   7.766332e-24   2.198567e-04   4.819291e-25   264
  3.916025e-01   7.719816e-24   2.074668e-04   4.992867e-25   312
  3.931351e-01   7.007388e-24   1.541705e-04   4.346058e-25   270
  3.937775e-01   8.839474e-24   1.957388e-04   6.086982e-25   240
  3.949323e-01   6.833830e-24   2.421536e-04   3.344848e-25   384
  3.956334e-01   7.566454e-24   0.000000e+00   5.793151e-25   192
  3.969952e-01   7.358456e-24   1.942960e-04   5.168196e-25   240
  3.977852e-01   7.145560e-24   2.397927e-04   4.085371e-25   336
  3.992708e-01   7.919614e-24   2.413972e-04   3.698647e-25   480
  4.004761e-01   6.255694e-24   0.000000e+00   5.972914e-25   72
  4.011493e-01   6.512707e-24   2.353842e-04   3.896756e-25   240
  4.020650e-01   7.295352e-24   2.212289e-04   3.972410e-25   312
  4.031147e-01   7.030484e-24   2.390954e-04   5.090074e-25   240
  4.047009e-01   6.425427e-24   1.816506e-04   2.980353e-25   408
  4.053288e-01   5.514982e-24   1.663482e-04   3.038498e-25   336
  4.065560e-01   6.495213e-24   2.112212e-04   4.092238e-25   264
  4.071591e-01   5.489585e-24   0.000000e+00   3.820670e-25   144
  4.088370e-01   5.694997e-24   2.927651e-04   2.572178e-25   464
  4.097211e-01   6.461686e-24   2.328083e-04   5.429554e-25   168
  4.105939e-01   5.846756e-24   2.120376e-04   3.653197e-25   336
  4.121713e-01   6.269282e-24   2.227870e-04   3.312786e-25   414
  4.130606e-01   7.062531e-24   2.319080e-04   4.841899e-25   216
  4.141998e-01   6.945837e-24   7.947286e-09   6.744487e-25   96
  4.146649e-01   5.609425e-24   1.685874e-08   2.911092e-25   384
  4.162944e-01   5.504301e-24   2.314600e-04   2.438833e-25   492
  4.171676e-01   5.876858e-24   2.263480e-04   4.040150e-25   240
  4.181546e-01   5.645677e-24   2.298225e-04   3.777205e-25   312
  4.195176e-01   4.852829e-24   2.297469e-04   3.638517e-25   192
  4.203810e-01   5.376460e-24   2.226525e-04   2.156263e-25   504
  4.215265e-01   5.408005e-24   1.473998e-04   3.163201e-25   408
  4.224284e-01   4.788270e-24   4.515774e-04   3.439022e-25   168
  4.235571e-01   5.183993e-24   2.145032e-04   2.882134e-25   288
  4.245041e-01   5.108525e-24   2.238525e-04   3.135806e-25   288
  4.254743e-01   4.670960e-24   2.251410e-04   2.345703e-25   432
  4.268815e-01   4.475391e-24   2.129084e-04   3.660829e-25   216
  4.276334e-01   4.598967e-24   2.124592e-04   2.623492e-25   360
  4.289721e-01   5.173908e-24   2.073582e-04   3.135181e-25   312
  4.301803e-01   3.126909e-24   0.000000e+00   3.262343e-25   48
  4.308767e-01   4.288844e-24   2.223178e-04   2.091478e-25   432
  4.321240e-01   4.261399e-24   3.708284e-04   1.949752e-25   414
  4.328606e-01   4.641226e-24   1.894136e-08   2.675156e-25   312
  4.342347e-01   4.335352e-24   3.253813e-04   1.794879e-25   528
  4.351620e-01   4.093281e-24   1.707976e-04   2.922280e-25   264
  4.362761e-01   4.475854e-24   2.025191e-04   2.178772e-25   480
  4.377318e-01   4.148906e-24   0.000000e+00   2.483453e-25   288
  4.383604e-01   3.113006e-24   2.176005e-04   2.006104e-25   168
  4.395105e-01   3.928216e-24   3.444610e-04   1.593193e-25   504
  4.408036e-01   5.071283e-24   7.492773e-09   4.538982e-25   144
  4.416171e-01   3.596155e-24   2.212265e-04   1.683392e-25   464
  4.428396e-01   3.992098e-24   3.246624e-04   2.012017e-25   432
  4.434197e-01   3.775915e-24   0.000000e+00   2.593060e-25   192
  4.449189e-01   3.123940e-24   2.406833e-04   1.525019e-25   396
  4.458042e-01   3.441789e-24   2.162000e-04   1.842782e-25   288
  4.466990e-01   3.148811e-24   2.135686e-04   1.515861e-25   336
  4.481283e-01   3.081521e-24   1.352359e-04   2.067770e-25   432
  4.490354e-01   3.419724e-24   3.505126e-04   1.931838e-25   360
  4.500539e-01   3.428089e-24   2.073334e-04   1.573196e-25   384
  4.515004e-01   3.879781e-24   1.830116e-04   3.151726e-25   198
  4.521974e-01   3.296153e-24   2.080246e-04   1.266945e-25   552
  4.534970e-01   3.150116e-24   2.912202e-04   1.430025e-25   432
  4.545821e-01   3.423779e-24   0.000000e+00   2.974630e-25   168
  4.554927e-01   2.962397e-24   3.610065e-04   1.325612e-25   480
  4.566974e-01   4.234766e-24   0.000000e+00   3.543133e-25   120
  4.572396e-01   3.287284e-24   2.948545e-04   1.863614e-25   336
  4.585628e-01   3.049882e-24   2.080152e-04   1.192546e-25   672
  4.598711e-01   2.928572e-24   3.025866e-04   1.376005e-25   528
  4.604805e-01   3.244209e-24   9.082613e-09   2.433744e-25   168
  4.618883e-01   2.822086e-24   3.375333e-04   1.457028e-25   456
  4.627474e-01   3.117406e-24   2.061344e-04   2.808355e-25   168
  4.636392e-01   3.118016e-24   2.057643e-04   1.478764e-25   504
  4.651216e-01   2.513224e-24   2.647872e-04   1.435156e-25   336
  4.660180e-01   2.656273e-24   1.908802e-04   1.555940e-25   312
  4.670124e-01   2.495103e-24   1.865029e-04   1.144004e-25   504
  4.683210e-01   2.361419e-24   1.294009e-04   1.183030e-25   432
  4.689362e-01   2.650324e-24   1.999672e-04   1.380573e-25   312
  4.702151e-01   2.656441e-24   2.049761e-04   1.451329e-25   384
  4.715504e-01   2.387513e-24   1.741510e-04   2.023158e-25   126
  4.723748e-01   2.435703e-24   3.057676e-04   1.194036e-25   492
  4.734278e-01   2.489864e-24   1.958445e-04   1.063383e-25   528
  4.747438e-01   2.335508e-24   1.989360e-04   1.173669e-25   480
  4.755596e-01   2.546734e-24   2.748289e-04   1.178799e-25   432
  4.767402e-01   2.334282e-24   2.161166e-04   1.263517e-25   440
  4.781114e-01   2.625953e-24   1.074739e-04   1.490800e-25   312
  4.786259e-01   2.241700e-24   1.610586e-04   1.202088e-25   480
  4.796813e-01   2.185930e-24   3.153497e-04   1.404318e-25   408
  4.812233e-01   2.514753e-24   1.888588e-04   1.358462e-25   360
  4.818747e-01   2.186571e-24   1.822418e-04   1.034659e-25   408
  4.830820e-01   2.043026e-24   1.854542e-04   1.069734e-25   456
  4.844414e-01   2.407823e-24   1.772485e-04   1.397344e-25   264
  4.851959e-01   2.009984e-24   1.923591e-04   1.097327e-25   384
  4.862943e-01   2.005183e-24   3.238501e-04   7.802855e-26   672
  4.875640e-01   2.156171e-24   1.937042e-04   1.313934e-25   240
  4.882967e-01   1.981506e-24   1.965613e-04   1.191776e-25   264
  4.893308e-01   1.898821e-24   2.424259e-04   7.772337e-26   624
  4.908739e-01   1.474234e-24   0.000000e+00   1.263644e-25   150
  4.914232e-01   1.975601e-24   2.716574e-04   8.670113e-26   600
  4.925819e-01   2.106476e-24   1.874909e-04   8.236597e-26   672
  4.938939e-01   2.024886e-24   1.763484e-04   1.110080e-25   336
  4.946248e-01   1.704360e-24   1.918157e-04   9.444538e-26   408
  4.957926e-01   2.195003e-24   1.913639e-04   1.157577e-25   408
  4.970915e-01   2.056904e-24   9.676385e-05   1.110693e-25   360
  4.978921e-01   1.834612e-24   3.552857e-04   9.185548e-26   456
  4.988592e-01   1.842768e-24   1.932065e-04   1.047757e-25   384
  5.000902e-01   1.407498e-24   1.783541e-04   7.485499e-26   348
  5.007554e-01   1.734500e-24   2.198754e-04   7.555162e-26   576
  5.020050e-01   1.724980e-24   1.810385e-04   7.790576e-26   504
  5.032833e-01   1.726472e-24   2.553443e-04   9.421014e-26   432
  5.043991e-01   1.656810e-24   3.473946e-04   7.356223e-26   576
  5.051948e-01   1.480040e-24   0.000000e+00   9.356549e-26   264
  5.064571e-01   1.590964e-24   2.764393e-04   6.298861e-26   768
  5.075549e-01   1.316751e-24   3.721752e-04   9.336008e-26   240
  5.084277e-01   1.419381e-24   3.282233e-04   1.044079e-25   192
  5.096990e-01   1.539480e-24   2.416124e-04   7.359589e-26   504
  5.106418e-01   1.432397e-24   3.255818e-04   6.606247e-26   590
  5.115460e-01   1.368916e-24   3.647966e-04   6.668917e-26   384
  5.126798e-01   1.279837e-24   3.048625e-04   6.022628e-26   504
  5.140486e-01   1.383990e-24   2.933830e-04   6.289025e-26   648
  5.153764e-01   1.279418e-24   7.967896e-05   5.777233e-26   504
  5.159117e-01   1.253989e-24   1.817627e-04   7.196301e-26   312
  5.168569e-01   1.377606e-24   2.618753e-04   5.810242e-26   576
  5.181545e-01   1.580965e-24   1.822405e-04   1.087180e-25   240
  5.189109e-01   1.387099e-24   1.841453e-04   6.157076e-26   552
  5.199816e-01   1.428349e-24   1.729082e-04   5.821559e-26   600
  5.215067e-01   1.298493e-24   2.111937e-04   5.669084e-26   600
  5.224237e-01   1.383151e-24   3.382099e-04   7.660134e-26   312
  5.233368e-01   1.356947e-24   2.945474e-04   6.681504e-26   480
  5.244775e-01   1.224350e-24   1.837693e-04   5.694553e-26   576
  5.254818e-01   9.944172e-25   2.959085e-04   5.368135e-26   408
  5.263729e-01   9.221775e-25   3.451909e-04   7.486078e-26   216
  5.275243e-01   1.149886e-24   2.643774e-04   5.081565e-26   516
  5.287578e-01   1.244344e-24   2.522429e-04   5.203961e-26   744
  5.300304e-01   1.175396e-24   1.684760e-04   5.768572e-26   462
  5.307494e-01   9.930515e-25   1.712315e-04   5.285551e-26   432
  5.318647e-01   1.149873e-24   1.588547e-04   4.383515e-26   648
  5.331761e-01   9.968054e-25   2.324340e-04   4.368515e-26   528
  5.342295e-01   1.238453e-24   2.799086e-04   5.298262e-26   600
  5.352820e-01   1.158502e-24   3.528915e-04   7.722399e-26   240
  5.363014e-01   1.135965e-24   2.703115e-04   4.320563e-26   720
  5.374863e-01   1.013519e-24   2.138653e-04   4.430445e-26   720
  5.387997e-01   7.338973e-25   0.000000e+00   5.002937e-26   144
  5.394909e-01   1.078425e-24   2.757364e-04   3.988409e-26   720
  5.404742e-01   1.089509e-24   1.653370e-04   5.801986e-26   384
  5.417051e-01   1.054843e-24   1.832848e-04   4.713307e-26   672
  5.428730e-01   1.042542e-24   3.209115e-04   6.405851e-26   336
  5.434308e-01   7.849379e-25   0.000000e+00   4.342872e-26   288
  5.447967e-01   9.905327e-25   2.539800e-04   3.676702e-26   776
  5.460612e-01   1.040123e-24   2.173184e-04   3.750246e-26   720
  5.471231e-01   9.516847e-25   1.750659e-04   4.754647e-26   432
  5.479725e-01   1.119892e-24   2.495786e-04   4.838784e-26   504
  5.489174e-01   1.094722e-24   1.748652e-04   4.878297e-26   528
  5.502396e-01   8.719345e-25   2.382437e-04   4.629117e-26   438
  5.513273e-01   8.904602e-25   2.772938e-04   4.127186e-26   624
  5.521470e-01   9.530559e-25   3.396475e-04   5.341297e-26   312
  5.532738e-01   1.000272e-24   1.829935e-04   3.965428e-26   696
  5.544390e-01   7.593062e-25   1.655760e-04   3.551110e-26   552
  5.556509e-01   8.967284e-25   1.281006e-04   4.626282e-26   516
  5.564006e-01   8.736672e-25   2.558713e-04   4.221715e-26   528
  5.573133e-01   7.760235e-25   1.664001e-04   3.414406e-26   528
  5.586097e-01   7.425945e-25   2.194479e-04   2.739684e-26   864
  5.594897e-01   7.630140e-25   3.005985e-04   4.496525e-26   408
  5.603706e-01   9.993785e-25   2.978186e-04   7.410816e-26   192
  5.616191e-01   7.939173e-25   2.464592e-04   3.778233e-26   720
  5.626731e-01   8.385785e-25   2.272475e-04   3.539934e-26   696
  5.639255e-01   7.676248e-25   2.454294e-04   3.337291e-26   720
  5.650713e-01   9.311567e-25   3.326501e-04   4.895180e-26   432
  5.657395e-01   7.737117e-25   1.958109e-04   5.682790e-26   264
  5.669418e-01   7.526306e-25   2.704061e-04   3.039006e-26   672
  5.680171e-01   6.602273e-25   2.768544e-04   2.737925e-26   600
  5.692933e-01   5.537322e-25   1.620980e-04   3.543293e-26   270
  5.699366e-01   6.120673e-25   2.440026e-04   2.880658e-26   528
  5.709591e-01   6.923797e-25   1.670843e-04   2.557591e-26   840
  5.723613e-01   7.166205e-25   3.194952e-04   2.604919e-26   888
  5.736568e-01   6.794411e-25   2.380474e-04   2.663640e-26   744
  5.747517e-01   6.062089e-25   1.223216e-04   3.317155e-26   456
  5.752963e-01   8.585909e-25   1.671601e-04   5.072997e-26   360
  5.762282e-01   6.553660e-25   1.448348e-04   3.706009e-26   384
  5.776580e-01   7.187465e-25   2.323137e-04   2.596335e-26   816
  5.787308e-01   6.384563e-25   3.370546e-04   2.301843e-26   824
  5.800348e-01   7.019635e-25   1.566791e-04   3.639740e-26   360
  5.807331e-01   6.363371e-25   2.311994e-04   2.955696e-26   624
  5.816941e-01   7.571275e-25   1.562320e-04   4.877839e-26   360
  5.829744e-01   6.157756e-25   2.125215e-04   2.175203e-26   876
  5.841306e-01   6.572186e-25   2.524119e-04   2.821609e-26   696
  5.852967e-01   5.849905e-25   1.629911e-04   3.314858e-26   336
  5.859080e-01   5.880190e-25   1.628079e-04   2.911552e-26   504
  5.869176e-01   6.252195e-25   1.642187e-04   2.643910e-26   672
  5.884155e-01   6.005724e-25   3.269213e-04   2.370231e-26   720
  5.894543e-01   5.669852e-25   2.469541e-04   2.316526e-26   774
  5.906010e-01   5.046801e-25   1.413501e-04   2.626256e-26   384
  5.912015e-01   6.412040e-25   2.720183e-04   3.141470e-26   528
  5.921335e-01   5.910046e-25   2.592486e-04   2.480279e-26   744
  5.936327e-01   6.437242e-25   2.138251e-04   2.709309e-26   768
  5.946281e-01   4.721412e-25   2.400348e-04   2.140638e-26   552
  5.958700e-01   5.224622e-25   2.616108e-04   2.379268e-26   696
  5.967938e-01   5.675595e-25   3.179026e-04   3.325170e-26   408
  5.975272e-01   5.386597e-25   1.373364e-04   2.349147e-26   504
  5.986899e-01   5.342154e-25   2.467198e-04   2.088138e-26   888
  5.998339e-01   5.252548e-25   2.564132e-04   2.220603e-26   648
  6.010230e-01   5.256575e-25   2.542153e-04   2.309345e-26   648
  6.021418e-01   4.752081e-25   2.741064e-04   1.832036e-26   792
  6.033268e-01   4.332651e-25   4.010364e-04   2.182678e-26   600
  6.042000e-01   4.028578e-25   2.717856e-04   1.801408e-26   456
  6.051191e-01   5.156296e-25   1.324567e-04   2.284978e-26   648
  6.062996e-01   4.933807e-25   2.583099e-04   1.706866e-26   936
  6.075741e-01   5.949226e-25   1.586356e-04   3.512930e-26   384
  6.086836e-01   4.398689e-25   1.334798e-08   3.149368e-26   198
  6.095398e-01   4.384126e-25   4.024720e-04   1.430138e-26   1224
  6.104634e-01   5.197991e-25   2.931235e-04   2.823802e-26   420
  6.115558e-01   4.048968e-25   2.836822e-04   1.624704e-26   792
  6.126238e-01   4.330277e-25   2.345810e-04   1.755919e-26   680
  6.138428e-01   4.099489e-25   2.154033e-04   1.970092e-26   600
  6.148235e-01   4.092581e-25   3.123938e-04   1.441082e-26   840
  6.161330e-01   4.518805e-25   1.474979e-04   2.631430e-26   432
  6.166334e-01   4.224959e-25   1.382249e-04   1.740876e-26   720
  6.177213e-01   4.289075e-25   2.768404e-04   1.576118e-26   960
  6.190745e-01   3.829084e-25   2.467829e-04   1.901708e-26   528
  6.200634e-01   3.779659e-25   2.522592e-04   1.706342e-26   624
  6.212404e-01   4.269562e-25   1.982740e-04   1.694495e-26   816
  6.224086e-01   3.568224e-25   3.260658e-04   1.552800e-26   696
  6.236996e-01   4.070340e-25   2.202416e-08   2.878700e-26   240
  6.241851e-01   4.181234e-25   1.922888e-04   1.963219e-26   672
  6.252686e-01   3.596899e-25   3.436476e-04   1.592335e-26   864
  6.264840e-01   3.158561e-25   2.636938e-04   1.297516e-26   816
  6.275795e-01   3.281680e-25   1.509292e-04   1.600668e-26   648
  6.287594e-01   3.696269e-25   1.542771e-04   1.356589e-26   843
  6.297611e-01   2.926459e-25   2.775825e-04   1.173336e-26   780
  6.309548e-01   2.836949e-25   1.489456e-04   2.112070e-26   216
  6.316911e-01   3.319875e-25   3.591661e-04   1.170781e-26   1056
  6.328235e-01   2.991030e-25   2.938382e-04   1.766337e-26   228
  6.338720e-01   3.603610e-25   3.658358e-04   1.387281e-26   924
  6.349484e-01   3.775641e-25   1.357046e-04   1.485964e-26   696
  6.360882e-01   2.791776e-25   2.415153e-04   9.867128e-27   996
  6.372543e-01   2.813900e-25   1.425858e-04   1.363823e-26   576
  6.384675e-01   3.241076e-25   2.200718e-04   1.980007e-26   552
  6.393519e-01   3.540655e-25   2.627580e-04   1.959363e-26   516
  6.402494e-01   3.017309e-25   3.821047e-04   1.183341e-26   744
  6.412749e-01   2.564309e-25   1.874451e-04   1.277941e-26   576
  6.421669e-01   2.621187e-25   1.929285e-04   1.183760e-26   792
  6.434346e-01   2.773729e-25   2.205530e-04   1.071849e-26   792
  6.443636e-01   2.664742e-25   2.378641e-04   1.195558e-26   720
  6.456200e-01   2.481103e-25   2.711104e-04   9.748820e-27   656
  6.467974e-01   2.652702e-25   2.960385e-04   1.112256e-26   816
  6.480043e-01   2.498071e-25   1.596190e-04   1.311081e-26   492
  6.486903e-01   2.739471e-25   2.296231e-04   1.262841e-26   552
  6.499778e-01   2.237590e-25   3.992867e-04   1.051135e-26   780
  6.508139e-01   2.509593e-25   2.452771e-04   1.395224e-26   528
  6.517148e-01   2.247626e-25   2.863130e-04   1.031266e-26   600
  6.530425e-01   2.710882e-25   2.379487e-04   1.039863e-26   900
  6.539577e-01   2.366830e-25   1.317325e-04   1.303437e-26   696
  6.552168e-01   2.083905e-25   3.330907e-04   9.707400e-27   696
  6.564349e-01   2.009912e-25   1.351317e-04   8.068986e-27   552
  6.574592e-01   1.849580e-25   1.571457e-04   8.700762e-27   708
  6.585322e-01   2.144136e-25   2.594565e-04   8.528983e-27   876
  6.596487e-01   2.589297e-25   1.377663e-04   2.820546e-26   216
  6.603980e-01   2.147492e-25   3.768094e-04   7.722078e-27   1032
  6.615201e-01   1.835429e-25   4.195357e-04   8.549714e-27   600
  6.626848e-01   1.585189e-25   2.001869e-04   6.825174e-27   600
  6.635732e-01   2.037690e-25   3.535112e-04   1.098578e-26   528
  6.646233e-01   1.927323e-25   1.940622e-04   8.653464e-27   732
  6.657296e-01   2.083417e-25   1.432973e-04   1.320856e-26   336
  6.670031e-01   1.816590e-25   2.042271e-04   7.572334e-27   912
  6.679548e-01   1.466452e-25   2.049821e-04   6.184462e-27   624
  6.689946e-01   1.770019e-25   1.727341e-04   8.108554e-27   768
  6.702082e-01   1.911289e-25   3.116463e-04   7.635593e-27   792
  6.713995e-01   1.624528e-25   1.545014e-04   7.624045e-27   660
  6.722471e-01   1.533684e-25   2.276826e-04   8.979846e-27   504
  6.731238e-01   1.499849e-25   3.719898e-04   8.327421e-27   480
  6.744376e-01   1.190074e-25   3.440421e-04   4.828899e-27   912
  6.754664e-01   1.822772e-25   3.831443e-04   1.147100e-26   432
  6.764380e-01   1.633556e-25   2.275021e-04   9.209510e-27   564
  6.773006e-01   1.500407e-25   2.177508e-04   7.009500e-27   600
  6.785149e-01   1.746714e-25   3.035240e-04   6.892549e-27   876
  6.794272e-01   1.572257e-25   1.364735e-04   1.094072e-26   264
  6.806846e-01   1.372998e-25   2.648123e-04   6.284439e-27   560
  6.816953e-01   1.303734e-25   1.799457e-04   4.830823e-27   840
  6.829222e-01   1.210670e-25   2.774244e-04   4.920635e-27   1008
  6.840568e-01   1.235467e-25   1.241010e-04   6.095761e-27   456
  6.850930e-01   1.568526e-25   1.607553e-04   8.133425e-27   576
  6.860509e-01   1.362675e-25   2.470177e-04   6.587778e-27   612
  6.873140e-01   1.328283e-25   2.206269e-04   6.155075e-27   780
  6.883444e-01   1.334396e-25   2.528284e-04   6.143509e-27   648
  6.893992e-01   1.550920e-25   1.178213e-04   1.175210e-26   312
  6.900734e-01   1.080889e-25   2.993645e-04   4.694815e-27   528
  6.912414e-01   1.043236e-25   3.909551e-04   4.410157e-27   720
  6.923583e-01   1.254649e-25   3.921794e-04   7.666402e-27   576
  6.937124e-01   1.176270e-25   3.383053e-04   6.641404e-27   444
  6.945549e-01   1.207084e-25   3.317685e-04   4.379426e-27   996
  6.955874e-01   9.605542e-26   2.771265e-04   5.669954e-27   432
  6.965633e-01   1.181843e-25   3.033990e-04   6.722931e-27   504
  6.974062e-01   9.395395e-26   1.367883e-04   4.795372e-27   504
  6.986065e-01   1.256509e-25   2.692009e-04   5.755346e-27   876
  6.996926e-01   9.804658e-26   3.098246e-04   5.132671e-27   504
  7.008236e-01   9.519118e-26   1.975899e-04   4.857927e-27   696
  7.017583e-01   1.130526e-25   1.689187e-04   5.694632e-27   492
  7.030300e-01   8.985911e-26   2.418152e-04   5.234460e-27   432
  7.039719e-01   1.098949e-25   2.264335e-04   4.843689e-27   768
  7.050885e-01   9.323182e-26   2.820533e-04   4.995429e-27   648
  7.061547e-01   8.502172e-26   1.840095e-04   4.624183e-27   456
  7.073798e-01   9.082756e-26   2.530430e-04   4.607451e-27   552
  7.082306e-01   8.372766e-26   1.734358e-04   4.193480e-27   648
  7.094016e-01   7.650542e-26   2.826907e-04   2.712106e-27   840
  7.105454e-01   9.560595e-26   1.348092e-04   5.004342e-27   432
  7.116906e-01   8.628972e-26   1.651183e-04   4.778698e-27   600
  7.124870e-01   8.732184e-26   1.759227e-04   5.212484e-27   432
  7.138248e-01   8.573857e-26   1.751482e-04   3.901018e-27   560
  7.147308e-01   7.494700e-26   2.772412e-04   3.115957e-27   840
  7.158652e-01   9.557776e-26   1.642140e-04   5.877203e-27   504
  7.167662e-01   7.258651e-26   3.351509e-04   3.353302e-27   696
  7.180362e-01   9.274695e-26   1.830475e-04   5.352270e-27   384
  7.190254e-01   6.314780e-26   2.681431e-04   3.161477e-27   576
  7.202219e-01   7.158744e-26   1.654845e-04   4.981995e-27   360
  7.211864e-01   6.925037e-26   2.464465e-04   3.075752e-27   828
  7.222268e-01   6.752235e-26   2.195064e-04   3.729459e-27   372
  7.231800e-01   6.901449e-26   3.352284e-04   3.103925e-27   576
  7.244428e-01   7.094466e-26   1.403933e-04   3.127405e-27   636
  7.253425e-01   6.601583e-26   2.706420e-04   2.985129e-27   648
  7.265596e-01   6.173960e-26   2.200024e-04   2.769303e-27   576
  7.274333e-01   6.337942e-26   3.548870e-04   3.237341e-27   528
  7.285953e-01   6.089785e-26   1.517289e-04   3.751784e-27   360
  7.295571e-01   5.704433e-26   3.490332e-04   2.438454e-27   672
  7.308130e-01   6.487133e-26   1.787806e-04   2.733367e-27   804
  7.318582e-01   6.453477e-26   1.972163e-04   3.506905e-27   408
  7.330145e-01   6.467117e-26   1.219011e-04   3.589525e-27   384
  7.337931e-01   4.897912e-26   2.789567e-04   3.030378e-27   480
  7.348913e-01   5.648183e-26   1.802469e-04   3.344653e-27   432
  7.359446e-01   6.459675e-26   3.321565e-04   2.871352e-27   648
  7.371913e-01   5.550894e-26   2.061016e-04   2.521125e-27   624
  7.381033e-01   5.985070e-26   1.874668e-04   3.511213e-27   456
  7.393486e-01   4.943062e-26   2.560963e-04   2.775078e-27   588
  7.401831e-01   4.715829e-26   1.633884e-04   2.347276e-27   600
  7.414016e-01   4.948354e-26   2.548458e-04   1.983512e-27   708
  7.423640e-01   4.633226e-26   1.605479e-04   2.508172e-27   360
  7.434275e-01   5.332486e-26   1.845541e-04   2.865220e-27   552
  7.444470e-01   4.859672e-26   1.294691e-04   3.893579e-27   288
  7.454820e-01   4.272567e-26   2.434372e-04   2.078718e-27   528
  7.464545e-01   4.809743e-26   1.642340e-04   2.301227e-27   456
  7.475410e-01   5.148590e-26   2.912225e-04   2.488148e-27   608
  7.486338e-01   3.991846e-26   1.408967e-04   1.793945e-27   504
  7.498278e-01   3.450804e-26   3.024972e-04   1.710201e-27   540
  7.507642e-01   4.643606e-26   3.247222e-04   2.669572e-27   360
  7.517735e-01   5.082695e-26   1.470509e-04   2.431684e-27   540
  7.526661e-01   4.221789e-26   1.262606e-04   2.042729e-27   576
  7.539642e-01   4.360852e-26   2.927555e-04   2.051875e-27   588
  7.551985e-01   4.383774e-26   4.039143e-04   1.998931e-27   672
  7.562588e-01   4.730947e-26   3.087151e-04   2.234763e-27   552
  7.571135e-01   3.309338e-26   3.088712e-04   2.558148e-27   144
  7.582042e-01   4.361906e-26   2.624178e-04   2.089923e-27   600
  7.592383e-01   3.399193e-26   3.288668e-04   1.662204e-27   504
  7.603860e-01   3.549821e-26   3.378126e-04   2.409904e-27   336
  7.615932e-01   3.961827e-26   3.797028e-04   1.830213e-27   600
  7.626744e-01   3.570608e-26   2.450478e-04   1.855697e-27   636
  7.638413e-01   3.874830e-26   1.970206e-04   2.913080e-27   384
  7.646595e-01   3.753278e-26   2.748205e-04   2.303702e-27   504
  7.658387e-01   2.953475e-26   1.153383e-04   1.862178e-27   240
  7.667694e-01   3.529317e-26   2.709461e-04   1.376620e-27   744
  7.678860e-01   3.276287e-26   1.850150e-04   1.539183e-27   648
  7.688783e-01   4.940954e-26   1.228185e-04   4.300183e-27   120
  7.700414e-01   2.972510e-26   1.929319e-04   1.174742e-27   564
  7.709202e-01   3.869860e-26   3.030111e-04   2.115499e-27   432
  7.720932e-01   3.172186e-26   2.351965e-04   1.819719e-27   480
  7.729764e-01   2.376268e-26   1.731106e-04   1.285175e-27   456
  7.740189e-01   3.186660e-26   2.864725e-04   1.848901e-27   444
  7.752020e-01   2.953639e-26   4.383180e-04   1.664995e-27   528
  7.762412e-01   3.351266e-26   3.255297e-04   2.717900e-27   264
  7.772498e-01   2.841428e-26   3.336195e-04   1.455137e-27   444
  7.786065e-01   2.961884e-26   3.654311e-04   1.191377e-27   696
  7.797327e-01   3.017316e-26   1.954448e-04   1.898923e-27   384
  7.805563e-01   2.581540e-26   2.469609e-04   1.217993e-27   432
  7.818373e-01   3.314089e-26   1.706384e-04   1.705239e-27   488
  7.826690e-01   3.133407e-26   2.571733e-04   1.514775e-27   480
  7.838749e-01   2.532533e-26   2.868014e-04   1.410210e-27   480
  7.848089e-01   2.417771e-26   1.203331e-04   1.453946e-27   240
  7.858692e-01   2.834244e-26   2.810886e-04   1.390112e-27   600
  7.868694e-01   2.249168e-26   2.449399e-04   1.427135e-27   288
  7.879343e-01   2.748051e-26   2.356143e-04   1.496776e-27   480
  7.890129e-01   2.288823e-26   4.191157e-04   1.237586e-27   504
  7.900748e-01   2.751968e-26   1.798267e-04   1.949519e-27   216
  7.914291e-01   2.517962e-26   2.944050e-04   1.432219e-27   504
  7.924838e-01   2.003607e-26   2.367912e-04   1.099445e-27   456
  7.936384e-01   2.935025e-26   1.358038e-04   1.666294e-27   384
  7.944031e-01   3.035722e-26   2.756326e-04   1.720505e-27   480
  7.954897e-01   1.977317e-26   2.420363e-04   1.069202e-27   504
  7.964966e-01   2.293329e-26   1.535327e-04   1.240969e-27   312
  7.975815e-01   2.374167e-26   2.474127e-04   1.315503e-27   492
  7.985417e-01   2.713785e-26   2.318919e-04   1.786464e-27   312
  7.997779e-01   2.187159e-26   3.766899e-04   9.920447e-28   576
  8.008661e-01   2.476475e-26   3.477153e-04   1.790969e-27   336
  8.017699e-01   1.605180e-26   2.677247e-04   1.136704e-27   240
  8.030228e-01   2.286784e-26   3.549351e-04   1.245803e-27   468
  8.041047e-01   1.980419e-26   2.222407e-04   1.617533e-27   192
  8.052370e-01   1.827157e-26   2.229031e-04   1.224915e-27   324
  8.060669e-01   2.025435e-26   1.617794e-04   9.017340e-28   600
  8.071978e-01   1.838568e-26   2.624704e-04   9.565597e-28   456
  8.080377e-01   1.983852e-26   1.180592e-04   1.304064e-27   336
  8.094297e-01   2.130546e-26   3.535027e-04   1.100541e-27   612
  8.104424e-01   1.757334e-26   2.966749e-04   2.486384e-27   144
  8.114002e-01   2.081498e-26   3.462957e-04   1.046894e-27   552
  8.127025e-01   1.291980e-26   1.363755e-04   7.615877e-28   264
  8.134384e-01   1.726759e-26   3.157441e-04   1.328790e-27   336
  8.145992e-01   1.668670e-26   2.086329e-04   8.696899e-28   384
  8.156059e-01   1.618184e-26   1.174397e-04   1.182880e-27   216
  8.167203e-01   1.363814e-26   2.489964e-04   8.071944e-28   344
  8.177364e-01   1.486023e-26   3.715143e-04   8.258611e-28   408
  8.189746e-01   1.552099e-26   2.854845e-04   1.260458e-27   264
  8.200718e-01   1.523557e-26   3.979796e-04   8.076211e-28   612
  8.211681e-01   2.093712e-26   2.048307e-04   1.328137e-27   408
  8.222956e-01   1.504387e-26   2.051251e-04   1.012660e-27   444
  8.231239e-01   2.437526e-26   1.147249e-04   2.139666e-27   120
  8.242338e-01   1.747662e-26   3.169640e-04   1.319343e-27   336
  8.250576e-01   1.379364e-26   1.101437e-04   8.301004e-28   288
  8.261708e-01   1.533899e-26   3.427692e-04   7.715854e-28   552
  8.277012e-01   1.752991e-26   1.835347e-08   2.159949e-27   72
  8.284882e-01   1.530097e-26   3.404572e-04   8.022603e-28   504
  8.294074e-01   9.003331e-27   1.095558e-04   5.811837e-28   216
  8.305983e-01   1.174527e-26   1.956043e-04   7.521761e-28   312
  8.316675e-01   1.039057e-26   2.227263e-04   6.834370e-28   336
  8.326865e-01   1.001228e-26   3.087236e-04   7.762055e-28   204
  8.337014e-01   1.824729e-26   3.587838e-04   1.283400e-27   504
  8.347777e-01   1.628959e-26   3.416652e-04   9.422517e-28   396
  8.358127e-01   1.310537e-26   3.133249e-04   9.827343e-28   312
  8.370674e-01   1.835439e-26   1.914750e-04   1.602556e-27   216
  8.379516e-01   1.260442e-26   1.039172e-04   1.153172e-27   168
  8.390260e-01   1.247815e-26   2.623966e-04   6.405507e-28   588
  8.402521e-01   1.043746e-26   3.561727e-04   9.671430e-28   240
  8.412047e-01   9.093379e-27   3.145601e-04   6.627877e-28   264
  8.423219e-01   1.091991e-26   3.890183e-04   7.892220e-28   288
  8.433131e-01   1.250904e-26   1.942596e-04   9.652581e-28   288
  8.445693e-01   9.175224e-27   1.824406e-04   6.080586e-28   288
  8.454153e-01   1.084324e-26   2.113423e-04   8.687074e-28   192
  8.464795e-01   7.641320e-27   2.248894e-04   5.561700e-28   264
  8.474933e-01   1.564218e-26   3.699119e-04   9.810135e-28   372
  8.485844e-01   1.674046e-26   3.995208e-04   1.330611e-27   360
  8.499161e-01   1.543177e-26   1.690810e-04   1.910311e-27   144
  8.506044e-01   9.860077e-27   2.348461e-04   7.720221e-28   296
  8.516909e-01   9.656979e-27   2.530345e-04   7.605572e-28   288
  8.529347e-01   1.111013e-26   3.781537e-04   6.983879e-28   480
  8.540076e-01   9.440144e-27   3.142096e-04   1.186601e-27   192
  8.550509e-01   1.225386e-26   3.370327e-04   1.028844e-27   192
  8.559992e-01   8.936938e-27   2.147949e-04   6.439959e-28   288
  8.573180e-01   5.651205e-27   1.869760e-04   6.125910e-28   108
  8.579823e-01   8.525304e-27   1.797545e-04   7.198415e-28   240
  8.591554e-01   7.470870e-27   3.353363e-04   5.448737e-28   384
  8.603605e-01   9.404809e-27   4.090723e-04   9.100918e-28   108
  8.614261e-01   1.141000e-26   2.398466e-04   7.010262e-28   348
  8.625466e-01   8.152824e-27   2.503134e-04   8.218745e-28   312
  8.635474e-01   7.966860e-27   2.432319e-04   1.438508e-27   96
  8.644677e-01   8.280457e-27   3.238194e-04   5.392263e-28   384
  8.654984e-01   8.888930e-27   2.227222e-04   7.117195e-28   144
  8.665066e-01   9.074071e-27   3.422225e-04   5.787281e-28   408
  8.677598e-01   5.474176e-27   1.526554e-04   7.249096e-28   144
  8.689437e-01   7.864489e-27   2.934816e-04   7.438439e-28   192
  8.696459e-01   1.012103e-26   3.303190e-04   8.389341e-28   144
  8.707904e-01   5.999860e-27   2.685615e-04   6.258258e-28   144
  8.718702e-01   8.389693e-27   3.282257e-04   6.972777e-28   336
  8.731927e-01   5.369382e-27   2.428454e-04   3.801020e-28   240
  8.740312e-01   5.880937e-27   1.102739e-04   6.970373e-28   96
  8.752007e-01   9.247832e-27   3.233803e-04   7.394980e-28   372
  8.763838e-01   7.244973e-27   3.846540e-04   8.601763e-28   132
  8.774230e-01   5.358715e-27   2.380193e-04   3.684315e-28   264
  8.783527e-01   1.024518e-26   1.827880e-04   1.062610e-27   168
  8.793449e-01   8.000174e-27   2.922429e-04   6.106230e-28   216
  8.802213e-01   6.572582e-27   1.787978e-04   6.662756e-28   216
  8.814979e-01   3.642348e-27   3.280196e-04   3.597085e-28   96
  8.826561e-01   8.189646e-27   2.140028e-04   1.074583e-27   120
  8.837183e-01   5.786871e-27   2.720578e-04   5.212514e-28   216
  8.845934e-01   4.814107e-27   1.188902e-04   3.991532e-28   200
  8.857519e-01   6.643253e-27   3.077557e-04   6.861050e-28   288
  8.872378e-01   2.971461e-27   8.097649e-05   2.313767e-28   144
  8.878635e-01   6.714388e-27   2.519939e-04   9.348412e-28   168
  8.891412e-01   6.713090e-27   2.835956e-04   9.950452e-28   159
  8.901386e-01   4.381426e-27   2.975600e-04   2.873247e-28   174
  8.911039e-01   4.304540e-27   2.698170e-04   3.651094e-28   144
  8.923678e-01   6.353744e-27   1.557998e-04   5.228148e-28   222
  8.932131e-01   4.455253e-27   1.572158e-04   3.944712e-28   168
  8.946732e-01   7.502158e-27   3.448346e-04   1.385139e-27   30
  8.952763e-01   2.328392e-27   3.044637e-04   2.975745e-28   72
  8.964123e-01   4.259943e-27   2.717302e-04   3.652223e-28   258
  8.976612e-01   4.062195e-27   1.701916e-04   3.257152e-28   264
  8.982857e-01   4.759376e-27   0.000000e+00   6.672540e-28   72
  8.995871e-01   2.768216e-27   3.373270e-04   2.267644e-28   174
  9.007654e-01   4.886372e-27   3.591909e-04   5.653833e-28   168
  9.017127e-01   1.852864e-27   1.123916e-08   2.580032e-28   48
  9.027297e-01   3.198468e-27   2.028435e-04   2.873330e-28   150
  9.039088e-01   5.115256e-27   3.731453e-04   4.005703e-28   168
  9.050911e-01   3.082614e-27   2.273028e-04   3.069949e-28   144
  9.061784e-01   5.277923e-27   2.123525e-04   7.158496e-28   102
  9.069882e-01   1.925302e-27   3.143182e-04   1.734533e-28   96
  9.082731e-01   1.407479e-27   3.119397e-04   1.130699e-28   120
  9.092246e-01   1.536553e-27   3.345635e-04   1.168816e-28   168
  9.102538e-01   5.059900e-27   2.470487e-04   4.188862e-28   126
  9.111308e-01   3.288691e-27   1.863241e-04   3.687307e-28   168
  9.123389e-01   2.382457e-27   2.987709e-04   2.927893e-28   72
  9.133947e-01   2.091767e-27   3.741278e-04   1.709537e-28   168
  9.143196e-01   4.400216e-27   1.025668e-04   7.980265e-28   78
  9.155870e-01   2.181878e-27   1.684070e-04   3.065839e-28   60
  9.166075e-01   4.668139e-27   2.731835e-04   7.533448e-28   96
  9.176659e-01   2.434255e-27   3.314854e-04   1.881325e-28   168
  9.186605e-01   1.793991e-27   2.097511e-04   2.264161e-28   86
  9.197042e-01   1.785907e-27   1.874678e-04   1.847063e-28   120
  9.212002e-01   1.562242e-27   1.336894e-04   1.378619e-28   168
  9.220069e-01   1.178298e-27   0.000000e+00   1.340260e-28   48
  9.230934e-01   3.162284e-27   2.435676e-04   2.988386e-28   120
  9.237177e-01   2.274541e-27   1.776924e-04   2.706451e-28   126
  9.252418e-01   2.070579e-27   3.125113e-04   2.438113e-28   96
  9.262310e-01   2.254667e-27   9.011285e-05   2.213973e-28   96
  9.270111e-01   1.559686e-27   0.000000e+00   1.567734e-28   72
  9.286731e-01   1.746378e-27   1.123916e-08   3.100994e-28   24
  9.297104e-01   2.096731e-27   1.854501e-04   2.127161e-28   120
  9.305196e-01   1.924721e-27   2.705147e-04   2.231582e-28   126
  9.314194e-01   1.795063e-27   2.255107e-04   1.799050e-28   96
  9.324708e-01   1.178183e-27   3.897482e-04   1.237694e-28   72
  9.336415e-01   1.534303e-27   1.685792e-04   1.304883e-28   144
  9.346046e-01   1.101275e-27   9.723254e-05   1.346046e-28   72
  9.355666e-01   2.023004e-27   1.942081e-04   3.022990e-28   54
  9.364132e-01   2.041976e-27   1.711436e-04   1.884302e-28   108
  9.381728e-01   2.316666e-27   1.677650e-04   2.129363e-28   72
  9.387206e-01   1.372236e-27   9.680617e-05   1.220791e-28   72
  9.400202e-01   8.982652e-28   1.946680e-08   1.632452e-28   24
  9.412498e-01   7.625944e-28   2.047976e-04   1.277497e-28   48
  9.419964e-01   1.762404e-27   1.560029e-04   1.976477e-28   102
  9.431203e-01   1.179147e-27   3.528137e-04   9.533156e-29   168
  9.445889e-01   1.095003e-27   1.924163e-04   1.384177e-28   72
  9.451330e-01   1.250546e-27   0.000000e+00   1.612626e-28   48
  9.462744e-01   1.331617e-27   3.309678e-04   1.571276e-28   120
  9.477807e-01   1.319544e-27   2.033864e-04   1.374108e-28   96
  9.492033e-01   3.105465e-27   2.202416e-08   8.960110e-28   30
  9.508942e-01   1.400972e-27   9.555995e-05   1.931468e-28   72
  9.516372e-01   1.040768e-27   1.123916e-08   2.178357e-28   24
  9.525916e-01   7.872250e-28   1.416435e-04   1.097017e-28   56
  9.536606e-01   7.591970e-28   2.021324e-04   7.299759e-29   96
  9.549399e-01   1.077513e-27   2.232036e-04   9.431443e-29   144
  9.559263e-01   1.502100e-27   1.267263e-04   2.155469e-28   54
  9.573592e-01   1.111246e-27   1.898493e-04   1.114629e-28   108
  9.588012e-01   2.153469e-27   1.005243e-04   3.497060e-28   48
  9.601739e-01   9.962298e-28   3.785063e-04   1.046866e-28   72
  9.634680e-01   1.824449e-27   2.500803e-04   1.833556e-28   78
  9.643808e-01   7.205196e-28   1.884669e-04   6.806153e-29   72
  9.654462e-01   7.415550e-28   1.882329e-04   8.677731e-29   72
  9.665603e-01   1.034473e-27   4.542266e-04   7.635404e-29   96
  9.674408e-01   8.991710e-28   1.878449e-04   7.040333e-29   72
  9.685029e-01   1.280748e-27   0.000000e+00   2.207340e-28   24
  9.695638e-01   1.011181e-27   3.748416e-04   1.091426e-28   72
  9.719599e-01   9.513127e-28   2.380359e-04   1.250660e-28   30
  9.724755e-01   1.343401e-27   0.000000e+00   2.502528e-28   24
  9.752466e-01   7.251655e-28   1.976584e-04   9.939767e-29   48
  9.761159e-01   6.781008e-28   4.253608e-04   6.521827e-29   120
  9.772870e-01   7.746882e-28   1.859776e-04   8.242192e-29   72
  9.784697e-01   7.880794e-28   1.857528e-04   1.125734e-28   36
  9.792826e-01   7.754953e-28   3.671339e-04   7.917852e-29   78
  9.815513e-01   8.654167e-28   1.963888e-04   1.066338e-28   48
  9.844928e-01   1.141759e-27   0.000000e+00   1.458376e-28   24
  9.865884e-01   3.764747e-28   1.367612e-04   5.451433e-29   56
  9.876436e-01   5.029500e-28   2.104496e-04   4.925906e-29   102
  9.889860e-01   6.470768e-28   1.498555e-08   6.905131e-29   72
  9.897653e-01   7.913461e-28   0.000000e+00   1.212166e-28   24
  9.911277e-01   5.402613e-28   1.944913e-04   8.000601e-29   48
  9.936528e-01   8.764955e-28   0.000000e+00   1.520708e-28   24
  9.967520e-01   3.045074e-28   0.000000e+00   1.006512e-28   6
  9.977185e-01   3.679110e-28   0.000000e+00   4.913288e-29   24
  9.983623e-01   3.993053e-28   1.820511e-04   4.171448e-29   72
  9.995384e-01   4.884774e-28   3.396336e-04   5.468470e-29   84
  1.000805e+00   3.991540e-28   0.000000e+00   9.940469e-29   24
  1.001190e+00   4.853774e-28   0.000000e+00   6.457720e-29   24
  1.003114e+00   5.637133e-28   1.123916e-08   7.176483e-29   24
  1.005800e+00   4.572862e-28   0.000000e+00   1.888285e-28   6
  1.009244e+00   3.773314e-28   1.910001e-04   5.961466e-29   48
  1.010072e+00   3.891081e-28   3.598129e-04   3.752417e-29   72
  1.011152e+00   4.300301e-28   1.906396e-04   5.115884e-29   48
  1.012867e+00   6.511004e-28   0.000000e+00   1.957566e-28   24
  1.015148e+00   5.606345e-28   1.123916e-08   8.137513e-29   6
  1.020262e+00   4.290789e-28   0.000000e+00   1.368091e-28   8
  1.020640e+00   4.337697e-28   1.123916e-08   7.739411e-29   48
  1.021546e+00   3.534502e-28   1.848806e-04   3.869461e-29   60
  1.022904e+00   5.372059e-28   0.000000e+00   8.676373e-29   24
  1.024787e+00   7.411775e-29   0.000000e+00   1.139105e-29   6
  1.031723e+00   2.354814e-28   0.000000e+00   5.550658e-29   24
  1.032283e+00   4.128015e-28   1.867372e-04   4.693614e-29   48
  1.033217e+00   2.708661e-28   0.000000e+00   6.159886e-29   24
  1.034708e+00   2.644196e-28   1.123916e-08   2.307372e-29   6
  1.043181e+00   3.153088e-28   1.742080e-04   6.918381e-29   36
  1.043797e+00   3.768094e-28   0.000000e+00   7.669963e-29   24
  1.044904e+00   3.672056e-28   0.000000e+00   1.814274e-28   6
  1.054545e+00   2.724267e-28   1.583190e-04   2.900791e-29   32
  1.055367e+00   2.384969e-28   1.123916e-08   4.027227e-29   6
  1.065728e+00   2.706441e-28   0.000000e+00   4.727897e-29   12
  1.066089e+00   7.091667e-28   0.000000e+00   2.254018e-28   6
  1.077063e+00   3.313211e-28   1.589457e-08   8.956915e-29   6
