# power spectrum of hij
# redshift z=50.000000
# k              Pk             sigma(k)       sigma(Pk)      count
  1.963495e-02   2.063511e-19   0.000000e+00   7.057039e-20   6
  2.776802e-02   1.177673e-19   0.000000e+00   1.195773e-20   12
  3.400874e-02   1.398447e-19   3.725290e-10   4.289321e-20   8
  3.926991e-02   4.154388e-20   0.000000e+00   1.079298e-21   6
  4.390509e-02   6.355966e-20   0.000000e+00   1.036714e-20   24
  4.809562e-02   4.094027e-20   7.024475e-10   7.063383e-21   24
  5.553604e-02   2.676610e-20   0.000000e+00   5.200528e-21   12
  5.890486e-02   2.213518e-20   7.947286e-10   2.517670e-21   30
  6.209118e-02   1.554845e-20   0.000000e+00   1.661904e-21   24
  6.512178e-02   9.914106e-21   1.216675e-09   1.158330e-21   24
  6.801748e-02   1.177843e-20   7.450581e-10   2.013494e-21   8
  7.079483e-02   1.420802e-20   9.934107e-10   1.475794e-21   24
  7.346727e-02   9.974103e-21   0.000000e+00   7.298810e-22   48
  7.853982e-02   7.128561e-21   0.000000e+00   1.192422e-21   6
  8.095699e-02   6.450908e-21   1.404895e-09   5.836763e-22   48
  8.330406e-02   9.264904e-21   0.000000e+00   8.733863e-22   36
  8.558678e-02   7.623464e-21   9.934107e-10   6.922849e-22   24
  8.781018e-02   4.359978e-21   0.000000e+00   5.128228e-22   24
  8.997866e-02   4.984161e-21   0.000000e+00   5.206093e-22   48
  9.209610e-02   2.404433e-21   1.404895e-09   1.624770e-22   24
  9.619124e-02   3.618468e-21   1.404895e-09   5.281766e-22   24
  9.817477e-02   2.841874e-21   0.000000e+00   3.254102e-22   30
  1.001190e-01   3.083757e-21   0.000000e+00   2.838491e-22   72
  1.020262e-01   2.961151e-21   1.490116e-09   4.611505e-22   32
  1.057375e-01   2.668882e-21   0.000000e+00   2.174275e-22   72
  1.075451e-01   2.271838e-21   0.000000e+00   2.046473e-22   48
  1.110721e-01   2.156502e-21   0.000000e+00   3.986633e-22   12
  1.127942e-01   1.411433e-21   0.000000e+00   1.172568e-22   48
  1.144905e-01   1.101849e-21   0.000000e+00   1.160891e-22   48
  1.161620e-01   1.369791e-21   1.404895e-09   1.270925e-22   48
  1.178097e-01   1.765175e-21   1.589457e-09   4.291786e-22   30
  1.194348e-01   1.437484e-21   1.404895e-09   2.768267e-22   24
  1.210380e-01   1.366964e-21   2.961779e-09   1.075258e-22   72
  1.241824e-01   1.119213e-21   0.000000e+00   1.401075e-22   24
  1.257251e-01   1.003572e-21   0.000000e+00   7.701117e-23   96
  1.272490e-01   7.908081e-22   0.000000e+00   6.424281e-23   48
  1.287550e-01   9.480910e-22   2.433349e-09   1.314785e-22   24
  1.302436e-01   6.892674e-22   2.433349e-09   1.205085e-22   24
  1.317153e-01   7.828445e-22   0.000000e+00   5.635278e-23   72
  1.331707e-01   6.024272e-22   0.000000e+00   4.677169e-23   48
  1.360350e-01   7.016943e-22   1.490116e-09   1.664634e-22   8
  1.374447e-01   5.487421e-22   1.766064e-09   5.081098e-23   54
  1.388401e-01   5.862835e-22   0.000000e+00   5.283148e-23   84
  1.402216e-01   6.534060e-22   0.000000e+00   7.612303e-23   48
  1.415897e-01   7.629053e-22   1.986821e-09   9.290371e-23   24
  1.429446e-01   5.317826e-22   1.873193e-09   3.654354e-23   72
  1.442869e-01   5.372848e-22   0.000000e+00   3.645179e-23   96
  1.469345e-01   4.057279e-22   0.000000e+00   4.196338e-23   48
  1.482407e-01   3.831294e-22   0.000000e+00   3.001502e-23   48
  1.495354e-01   5.272551e-22   1.986821e-09   6.275538e-23   24
  1.508189e-01   3.633644e-22   0.000000e+00   2.792336e-23   72
  1.533539e-01   3.302663e-22   1.873193e-09   2.626782e-23   72
  1.546058e-01   4.014551e-22   0.000000e+00   2.480183e-23   96
  1.570796e-01   2.757340e-22   0.000000e+00   7.670606e-23   6
  1.583021e-01   3.824869e-22   0.000000e+00   2.779750e-23   96
  1.595151e-01   3.404849e-22   1.986821e-09   2.450960e-23   96
  1.607190e-01   2.321322e-22   0.000000e+00   2.860840e-23   24
  1.619140e-01   3.836525e-22   2.809790e-09   2.815513e-23   48
  1.631002e-01   3.298500e-22   0.000000e+00   2.255675e-23   96
  1.642778e-01   2.348967e-22   0.000000e+00   2.019816e-23   48
  1.666081e-01   2.781246e-22   0.000000e+00   3.039057e-23   36
  1.677611e-01   2.177227e-22   3.441276e-09   2.773507e-23   48
  1.689063e-01   2.060597e-22   3.893359e-09   1.378204e-23   120
  1.700437e-01   2.267473e-22   0.000000e+00   2.393734e-23   56
  1.711736e-01   2.709753e-22   1.986821e-09   3.060511e-23   24
  1.722960e-01   2.174330e-22   0.000000e+00   1.395125e-23   96
  1.734112e-01   3.184664e-22   0.000000e+00   3.480911e-23   48
  1.756204e-01   1.994508e-22   0.000000e+00   2.558028e-23   24
  1.767146e-01   1.649930e-22   0.000000e+00   1.341540e-23   102
  1.778021e-01   1.773337e-22   0.000000e+00   1.456937e-23   48
  1.788829e-01   1.721108e-22   0.000000e+00   1.613206e-23   72
  1.799573e-01   1.579058e-22   0.000000e+00   1.488562e-23   48
  1.810253e-01   1.554387e-22   0.000000e+00   1.903869e-23   48
  1.820871e-01   1.372537e-22   4.495664e-09   1.026613e-23   120
  1.841922e-01   1.332454e-22   2.809790e-09   1.463530e-23   24
  1.852358e-01   1.278786e-22   2.649095e-09   7.393498e-24   144
  1.862735e-01   1.290511e-22   3.178914e-09   8.498842e-24   120
  1.873055e-01   9.831550e-23   2.809790e-09   8.772586e-24   48
  1.893526e-01   1.532878e-22   2.809790e-09   1.690406e-23   48
  1.903679e-01   1.100869e-22   2.809790e-09   7.017646e-24   96
  1.930487e-01   1.166452e-22   4.711199e-04   9.776176e-24   72
  1.943761e-01   1.179433e-22   3.532127e-09   6.079891e-24   108
  1.953653e-01   1.067922e-22   0.000000e+00   7.663427e-24   72
  1.963495e-01   1.628403e-22   0.000000e+00   1.984139e-23   30
  1.973288e-01   9.592467e-23   0.000000e+00   5.894576e-24   168
  1.983033e-01   9.855317e-23   0.000000e+00   1.007191e-23   48
  2.002380e-01   8.639483e-23   0.000000e+00   7.661860e-24   72
  2.011984e-01   8.586313e-23   0.000000e+00   6.231209e-24   96
  2.021542e-01   7.089337e-23   5.298191e-09   5.811695e-24   72
  2.031055e-01   9.205367e-23   0.000000e+00   7.451437e-24   72
  2.047049e-01   9.749739e-23   4.350048e-04   7.932595e-24   104
  2.059331e-01   7.994768e-23   3.746387e-09   4.285294e-24   144
  2.087224e-01   6.260544e-23   6.282881e-09   4.055553e-24   96
  2.096439e-01   7.256020e-23   0.000000e+00   6.216994e-24   96
  2.111095e-01   6.224904e-23   4.475232e-04   3.441331e-24   120
  2.123845e-01   6.889098e-23   0.000000e+00   3.705536e-24   120
  2.132902e-01   7.183996e-23   0.000000e+00   5.876724e-24   72
  2.150901e-01   7.557468e-23   0.000000e+00   8.381313e-24   48
  2.159845e-01   5.663515e-23   4.235416e-09   5.043526e-24   78
  2.171286e-01   6.455905e-23   4.007142e-04   3.145971e-24   168
  2.195255e-01   6.339591e-23   3.746387e-09   3.715006e-24   144
  2.204018e-01   5.170065e-23   3.746387e-09   2.949606e-24   144
  2.229436e-01   5.043537e-23   2.307791e-04   3.095637e-24   156
  2.238729e-01   6.321265e-23   4.866699e-09   6.027906e-24   48
  2.247323e-01   4.386248e-23   3.178914e-09   2.870418e-24   120
  2.255884e-01   3.897210e-23   0.000000e+00   3.981345e-24   48
  2.271022e-01   4.880002e-23   3.532495e-04   2.076322e-24   216
  2.289809e-01   4.042545e-23   0.000000e+00   3.919580e-24   48
  2.298212e-01   3.836480e-23   2.809790e-09   3.134920e-24   96
  2.310160e-01   5.191533e-23   4.128272e-04   3.062823e-24   168
  2.323239e-01   3.938857e-23   2.809790e-09   3.871301e-24   48
  2.331522e-01   4.215293e-23   0.000000e+00   2.967677e-24   96
  2.339775e-01   4.021317e-23   0.000000e+00   3.273133e-24   48
  2.356194e-01   3.752402e-23   3.178914e-09   3.400458e-24   30
  2.364362e-01   3.424671e-23   2.809790e-09   2.101906e-24   96
  2.374123e-01   3.486426e-23   3.244455e-04   1.700161e-24   240
  2.386674e-01   4.701581e-23   3.500299e-04   4.253753e-24   32
  2.396752e-01   3.353150e-23   0.000000e+00   1.630182e-24   168
  2.404781e-01   3.488384e-23   0.000000e+00   1.845452e-24   120
  2.420760e-01   3.694918e-23   5.923557e-09   2.919917e-24   72
  2.428710e-01   3.286457e-23   3.746387e-09   1.845470e-24   144
  2.436634e-01   3.680201e-23   0.000000e+00   2.478812e-24   96
  2.444532e-01   2.926406e-23   0.000000e+00   2.126943e-24   96
  2.460253e-01   3.650826e-23   4.588368e-09   2.878787e-24   72
  2.468075e-01   2.690304e-23   3.973643e-09   2.056495e-24   96
  2.483647e-01   3.447604e-23   0.000000e+00   4.264975e-24   24
  2.491396e-01   2.782093e-23   0.000000e+00   1.412609e-24   192
  2.500522e-01   2.389495e-23   2.970416e-04   1.246522e-24   132
  2.514501e-01   2.574010e-23   0.000000e+00   1.938297e-24   96
  2.522156e-01   2.466332e-23   0.000000e+00   2.040443e-24   96
  2.529787e-01   2.232914e-23   3.178914e-09   1.278859e-24   120
  2.544981e-01   2.909535e-23   0.000000e+00   2.428025e-24   48
  2.557435e-01   2.450215e-23   3.599905e-04   1.071718e-24   222
  2.567603e-01   2.839748e-23   0.000000e+00   1.825273e-24   120
  2.575100e-01   1.799262e-23   4.866699e-09   2.360844e-24   24
  2.586015e-01   2.045402e-23   3.715625e-04   7.783299e-25   312
  2.609797e-01   2.443034e-23   3.483547e-04   1.770063e-24   72
  2.619630e-01   1.871057e-23   2.809790e-09   1.457140e-24   96
  2.629726e-01   1.999073e-23   3.547511e-04   9.988258e-25   192
  2.641613e-01   2.245450e-23   4.495664e-09   1.415952e-24   120
  2.648900e-01   2.041552e-23   0.000000e+00   1.277075e-24   144
  2.663415e-01   1.854465e-23   0.000000e+00   1.432601e-24   48
  2.673732e-01   1.768777e-23   3.567146e-04   6.983693e-25   336
  2.685040e-01   2.023382e-23   0.000000e+00   2.203377e-24   48
  2.699360e-01   1.826548e-23   0.000000e+00   9.299266e-25   192
  2.706492e-01   1.701019e-23   0.000000e+00   1.479033e-24   48
  2.726764e-01   1.639993e-23   2.476067e-04   1.186651e-24   56
  2.736844e-01   1.841651e-23   3.180112e-04   6.910605e-25   336
  2.748894e-01   1.534910e-23   3.532127e-09   1.812195e-24   54
  2.759390e-01   1.547772e-23   3.492904e-04   6.802255e-25   240
  2.781181e-01   1.483504e-23   3.344484e-04   5.813231e-25   228
  2.790651e-01   1.567273e-23   3.746387e-09   1.197402e-24   72
  2.799844e-01   1.534197e-23   3.244231e-04   8.422646e-25   144
  2.811298e-01   1.020026e-23   0.000000e+00   6.388777e-25   96
  2.818146e-01   1.428547e-23   4.495664e-09   6.759648e-25   240
  2.831793e-01   1.692445e-23   3.973643e-09   2.347378e-24   24
  2.840530e-01   1.333901e-23   3.064151e-04   5.664968e-25   336
  2.852142e-01   1.165250e-23   0.000000e+00   9.059697e-25   72
  2.862741e-01   1.488856e-23   3.332831e-04   8.937131e-25   168
  2.872346e-01   1.413113e-23   0.000000e+00   1.599232e-24   72
  2.885737e-01   1.502572e-23   0.000000e+00   1.028176e-24   96
  2.896108e-01   1.100478e-23   3.307829e-04   5.456391e-25   216
  2.905708e-01   1.086027e-23   3.973643e-09   7.253042e-25   96
  2.918946e-01   1.148626e-23   0.000000e+00   5.438735e-25   192
  2.925542e-01   1.149062e-23   3.746387e-09   7.240889e-25   144
  2.938691e-01   1.001409e-23   0.000000e+00   8.350380e-25   48
  2.947794e-01   1.010873e-23   3.189136e-04   4.433161e-25   246
  2.960164e-01   1.000381e-23   2.940434e-04   5.210735e-25   168
  2.971308e-01   9.731500e-24   5.506041e-09   6.791291e-25   120
  2.977788e-01   1.000675e-23   0.000000e+00   4.871972e-25   240
  2.990707e-01   1.099413e-23   3.973643e-09   1.423161e-24   24
  3.001001e-01   1.013178e-23   3.147475e-04   3.669175e-25   360
  3.013820e-01   8.860119e-24   3.134082e-04   6.088483e-25   120
  3.022763e-01   1.018730e-23   0.000000e+00   5.075811e-25   144
  3.029133e-01   1.021384e-23   0.000000e+00   8.021471e-25   96
  3.048165e-01   8.177482e-24   0.000000e+00   5.138716e-25   144
  3.054482e-01   1.027175e-23   0.000000e+00   6.486376e-25   132
  3.063360e-01   8.178774e-24   3.093292e-04   3.481968e-25   176
  3.076248e-01   8.814426e-24   3.123602e-04   3.709979e-25   312
  3.092116e-01   8.614942e-24   0.000000e+00   5.824964e-25   96
  3.098343e-01   6.952035e-24   0.000000e+00   4.074521e-25   144
  3.107899e-01   8.301795e-24   3.092271e-04   3.448676e-25   312
  3.123131e-01   7.079541e-24   0.000000e+00   6.940930e-25   48
  3.129297e-01   7.371633e-24   3.973643e-09   4.429103e-25   192
  3.141593e-01   7.587353e-24   0.000000e+00   1.428258e-24   6
  3.149762e-01   6.730738e-24   2.884066e-04   2.790350e-25   288
  3.162994e-01   7.262305e-24   3.047203e-04   3.692348e-25   192
  3.172124e-01   7.399687e-24   7.064254e-09   3.747010e-25   216
  3.178195e-01   6.719204e-24   0.000000e+00   5.649207e-25   72
  3.193321e-01   7.183055e-24   3.018264e-04   3.447498e-25   192
  3.203366e-01   6.310073e-24   2.241224e-04   2.704268e-25   288
  3.214381e-01   7.641693e-24   0.000000e+00   6.880337e-25   24
  3.222890e-01   6.658785e-24   2.952626e-04   2.207523e-25   456
  3.238280e-01   6.258519e-24   0.000000e+00   7.380314e-25   48
  3.247789e-01   5.754588e-24   2.908218e-04   2.301509e-25   240
  3.258718e-01   5.828558e-24   2.939082e-04   3.366750e-25   216
  3.267908e-01   6.348707e-24   0.000000e+00   5.294977e-25   72
  3.273801e-01   6.017928e-24   1.015467e-08   3.775321e-25   168
  3.290441e-01   5.206306e-24   2.184577e-04   2.205303e-25   288
  3.299773e-01   4.814284e-24   2.890570e-04   2.440065e-25   168
  3.314762e-01   5.480094e-24   0.000000e+00   3.008397e-25   192
  3.320572e-01   5.039504e-24   3.746387e-09   3.126453e-25   144
  3.332162e-01   5.557805e-24   0.000000e+00   6.534605e-25   36
  3.341991e-01   5.106164e-24   2.639705e-04   2.006481e-25   342
  3.351389e-01   5.132977e-24   2.710657e-04   2.984055e-25   144
  3.363470e-01   4.797067e-24   2.842800e-04   1.664277e-25   384
  3.378125e-01   5.428403e-24   7.786718e-09   3.457769e-25   120
  3.385379e-01   4.799715e-24   2.534951e-04   2.155291e-25   264
  3.395201e-01   4.948791e-24   1.256576e-08   3.172142e-25   192
  3.404451e-01   4.213483e-24   2.731894e-04   2.689523e-25   152
  3.412191e-01   4.802906e-24   3.746387e-09   2.868705e-25   144
  3.428472e-01   4.795363e-24   1.768108e-04   2.289827e-25   216
  3.436008e-01   4.534752e-24   2.362665e-04   1.719842e-25   312
  3.449274e-01   4.774310e-24   2.738281e-04   1.874656e-25   240
  3.457090e-01   3.547050e-24   3.973643e-09   2.979706e-25   96
  3.471927e-01   3.702046e-24   2.617995e-04   2.065502e-25   144
  3.481071e-01   4.101099e-24   2.573258e-04   1.318925e-25   456
  3.495904e-01   3.979026e-24   0.000000e+00   2.638067e-25   120
  3.501414e-01   3.709044e-24   0.000000e+00   2.066746e-25   144
  3.512407e-01   3.057041e-24   0.000000e+00   4.152440e-25   24
  3.519456e-01   3.728074e-24   2.473498e-04   1.449156e-25   336
  3.531645e-01   3.886589e-24   2.727931e-04   2.052185e-25   198
  3.543067e-01   3.760907e-24   2.652756e-04   1.424445e-25   432
  3.556041e-01   3.734130e-24   0.000000e+00   4.576304e-25   48
  3.562810e-01   3.759324e-24   2.341925e-04   1.314467e-25   384
  3.574963e-01   2.830739e-24   2.696052e-04   1.596115e-25   144
  3.585975e-01   3.829355e-24   2.676825e-04   1.968877e-25   264
  3.599147e-01   3.097501e-24   3.973643e-09   2.446328e-25   48
  3.607984e-01   3.065291e-24   2.545223e-04   1.268131e-25   276
  3.616510e-01   3.387621e-24   2.307176e-04   1.678207e-25   192
  3.627906e-01   3.189621e-24   2.592759e-04   1.059582e-25   552
  3.641741e-01   2.789500e-24   4.495664e-09   1.693368e-25   120
  3.649965e-01   2.503028e-24   2.624511e-04   1.093220e-25   216
  3.657587e-01   2.735161e-24   6.357829e-09   1.990319e-25   120
  3.671201e-01   3.112930e-24   2.584500e-04   1.144468e-25   408
  3.683844e-01   2.744787e-24   5.619580e-09   2.401838e-25   24
  3.691684e-01   2.957849e-24   2.610810e-04   1.196264e-25   384
  3.702633e-01   2.848549e-24   2.550855e-04   1.244175e-25   240
  3.712141e-01   2.939973e-24   2.569535e-04   1.776606e-25   168
  3.725471e-01   2.551060e-24   0.000000e+00   1.847185e-25   120
  3.734064e-01   2.785307e-24   2.678605e-04   1.258049e-25   350
  3.748037e-01   2.893234e-24   4.409502e-04   1.004111e-25   384
  3.756388e-01   2.685578e-24   0.000000e+00   1.513632e-25   144
  3.771752e-01   2.549927e-24   0.000000e+00   1.043119e-25   288
  3.779773e-01   2.405750e-24   2.524053e-04   9.280939e-26   336
  3.790686e-01   2.512362e-24   2.297941e-04   1.344501e-25   168
  3.797219e-01   2.406199e-24   1.015467e-08   9.137208e-26   336
  3.810732e-01   2.699885e-24   2.385126e-04   1.139139e-25   288
  3.818848e-01   2.379501e-24   2.247398e-04   9.688170e-26   264
  3.832590e-01   2.182447e-24   0.000000e+00   9.617572e-26   240
  3.837616e-01   2.347949e-24   5.619580e-09   1.671109e-25   96
  3.855656e-01   2.252873e-24   3.056310e-04   8.042816e-26   360
  3.864075e-01   2.603623e-24   2.253025e-04   1.667877e-25   168
  3.874713e-01   2.047106e-24   2.456032e-04   7.232123e-26   456
  3.887523e-01   2.251884e-24   4.995182e-09   1.202936e-25   108
  3.894728e-01   1.898537e-24   2.464311e-04   8.726661e-26   264
  3.903716e-01   2.093880e-24   2.198567e-04   7.910958e-26   264
  3.916025e-01   2.161720e-24   2.074668e-04   8.349345e-26   312
  3.931351e-01   1.918420e-24   1.541705e-04   8.920309e-26   270
  3.937775e-01   1.733071e-24   1.957388e-04   8.463410e-26   240
  3.949323e-01   1.949645e-24   2.421536e-04   7.335217e-26   384
  3.956334e-01   1.942341e-24   5.619580e-09   1.158643e-25   192
  3.969952e-01   2.180508e-24   1.942960e-04   9.853337e-26   240
  3.977852e-01   1.899552e-24   2.397927e-04   8.068359e-26   336
  3.992708e-01   1.910403e-24   2.413972e-04   5.658309e-26   480
  4.004761e-01   2.225493e-24   9.176735e-09   1.880318e-25   72
  4.011493e-01   1.717917e-24   2.353842e-04   9.487869e-26   240
  4.020650e-01   1.847605e-24   2.212289e-04   7.188414e-26   312
  4.031147e-01   1.722326e-24   2.390954e-04   7.914268e-26   240
  4.047009e-01   1.676639e-24   1.816506e-04   6.154474e-26   408
  4.053288e-01   1.764150e-24   1.663482e-04   6.804485e-26   336
  4.065560e-01   1.953427e-24   2.112212e-04   9.500449e-26   264
  4.071591e-01   1.440443e-24   0.000000e+00   7.464597e-26   144
  4.088370e-01   1.480758e-24   2.927651e-04   4.916104e-26   464
  4.097211e-01   1.541043e-24   2.328083e-04   6.868784e-26   168
  4.105939e-01   1.424851e-24   2.120376e-04   6.187271e-26   336
  4.121713e-01   1.686185e-24   2.227870e-04   6.197171e-26   414
  4.130606e-01   1.649868e-24   2.319080e-04   8.367802e-26   216
  4.141998e-01   1.592792e-24   5.619580e-09   1.066227e-25   96
  4.146649e-01   1.412553e-24   1.256576e-08   5.490973e-26   384
  4.162944e-01   1.444725e-24   2.314600e-04   4.704576e-26   492
  4.171676e-01   1.691231e-24   2.263480e-04   8.178804e-26   240
  4.181546e-01   1.381568e-24   2.298225e-04   5.251751e-26   312
  4.195176e-01   1.298174e-24   2.297469e-04   7.438420e-26   192
  4.203810e-01   1.312893e-24   2.226525e-04   4.395884e-26   504
  4.215265e-01   1.292781e-24   1.473998e-04   4.559799e-26   408
  4.224284e-01   1.247317e-24   4.515774e-04   6.336149e-26   168
  4.235571e-01   1.356605e-24   2.145032e-04   5.906024e-26   288
  4.245041e-01   1.184174e-24   2.238525e-04   4.860797e-26   288
  4.254743e-01   1.138579e-24   2.251410e-04   4.335032e-26   432
  4.268815e-01   1.265410e-24   2.129084e-04   6.326375e-26   216
  4.276334e-01   1.181424e-24   2.124592e-04   4.350235e-26   360
  4.289721e-01   1.201088e-24   2.073582e-04   4.706605e-26   312
  4.301803e-01   1.534045e-24   0.000000e+00   1.525541e-25   48
  4.308767e-01   1.169734e-24   2.223178e-04   4.030487e-26   432
  4.321240e-01   1.090326e-24   3.708284e-04   3.970865e-26   414
  4.328606e-01   1.298540e-24   0.000000e+00   5.840444e-26   312
  4.342347e-01   1.151940e-24   3.253813e-04   3.669505e-26   528
  4.351620e-01   1.175254e-24   1.707976e-04   5.643522e-26   264
  4.362761e-01   1.111686e-24   2.025191e-04   3.692005e-26   480
  4.377318e-01   1.109184e-24   0.000000e+00   4.291804e-26   288
  4.383604e-01   1.221828e-24   2.176005e-04   6.799463e-26   168
  4.395105e-01   1.051029e-24   3.444610e-04   4.084741e-26   504
  4.408036e-01   1.185437e-24   5.298191e-09   7.198560e-26   144
  4.416171e-01   1.092886e-24   2.212265e-04   3.756608e-26   464
  4.428396e-01   1.101417e-24   3.246624e-04   4.177418e-26   432
  4.434197e-01   1.112167e-24   0.000000e+00   5.502670e-26   192
  4.449189e-01   9.368998e-25   2.406833e-04   3.589686e-26   396
  4.458042e-01   8.591306e-25   2.162000e-04   3.950908e-26   288
  4.466990e-01   9.713530e-25   2.135686e-04   4.462090e-26   336
  4.481283e-01   8.940421e-25   1.352359e-04   3.697630e-26   432
  4.490354e-01   9.496891e-25   3.505126e-04   3.725362e-26   360
  4.500539e-01   9.556257e-25   2.073334e-04   3.378938e-26   384
  4.515004e-01   8.954013e-25   1.830116e-04   4.804052e-26   198
  4.521974e-01   9.118761e-25   2.080246e-04   2.783090e-26   552
  4.534970e-01   8.776591e-25   2.912202e-04   3.226463e-26   432
  4.545821e-01   9.736061e-25   6.422377e-09   6.336486e-26   168
  4.554927e-01   8.216101e-25   3.610065e-04   2.858485e-26   480
  4.566974e-01   8.200623e-25   6.357829e-09   5.014796e-26   120
  4.572396e-01   9.282557e-25   2.948545e-04   4.962655e-26   336
  4.585628e-01   8.359610e-25   2.080152e-04   2.524950e-26   672
  4.598711e-01   9.704560e-25   3.025866e-04   3.054301e-26   528
  4.604805e-01   7.360900e-25   0.000000e+00   4.362753e-26   168
  4.618883e-01   8.473269e-25   3.375333e-04   2.857567e-26   456
  4.627474e-01   9.345326e-25   2.061344e-04   5.324652e-26   168
  4.636392e-01   8.775518e-25   2.057643e-04   3.215562e-26   504
  4.651216e-01   6.999000e-25   2.647872e-04   3.159022e-26   336
  4.660180e-01   7.862561e-25   1.908802e-04   3.018131e-26   312
  4.670124e-01   7.868365e-25   1.865029e-04   2.871615e-26   504
  4.683210e-01   7.273575e-25   1.294009e-04   2.809072e-26   432
  4.689362e-01   8.639786e-25   1.999672e-04   3.666056e-26   312
  4.702151e-01   7.648820e-25   2.049761e-04   3.045359e-26   384
  4.715504e-01   7.503154e-25   1.741510e-04   3.943257e-26   126
  4.723748e-01   7.508455e-25   3.057676e-04   2.684022e-26   492
  4.734278e-01   7.032413e-25   1.958445e-04   2.266307e-26   528
  4.747438e-01   6.602676e-25   1.989360e-04   2.181501e-26   480
  4.755596e-01   7.625903e-25   2.748289e-04   2.817066e-26   432
  4.767402e-01   6.846824e-25   2.161166e-04   2.769337e-26   440
  4.781114e-01   7.882618e-25   1.074739e-04   3.643868e-26   312
  4.786259e-01   6.175617e-25   1.610586e-04   2.207189e-26   480
  4.796813e-01   6.443035e-25   3.153497e-04   2.649880e-26   408
  4.812233e-01   7.597698e-25   1.888588e-04   3.117001e-26   360
  4.818747e-01   6.419359e-25   1.822418e-04   2.770045e-26   408
  4.830820e-01   6.066721e-25   1.854542e-04   2.037730e-26   456
  4.844414e-01   6.424833e-25   1.772485e-04   2.851635e-26   264
  4.851959e-01   6.982261e-25   1.923591e-04   3.008489e-26   384
  4.862943e-01   6.811375e-25   3.238501e-04   2.096274e-26   672
  4.875640e-01   6.882509e-25   1.937042e-04   3.636165e-26   240
  4.882967e-01   5.882853e-25   1.965613e-04   2.796040e-26   264
  4.893308e-01   5.534188e-25   2.424259e-04   1.569634e-26   624
  4.908739e-01   4.957066e-25   0.000000e+00   3.132846e-26   150
  4.914232e-01   6.036564e-25   2.716574e-04   2.079484e-26   600
  4.925819e-01   6.382184e-25   1.874909e-04   1.964636e-26   672
  4.938939e-01   5.581245e-25   1.763484e-04   2.379114e-26   336
  4.946248e-01   5.364008e-25   1.918157e-04   2.099497e-26   408
  4.957926e-01   6.638116e-25   1.913639e-04   2.780349e-26   408
  4.970915e-01   6.630445e-25   9.676385e-05   2.763262e-26   360
  4.978921e-01   5.985056e-25   3.552857e-04   2.178459e-26   456
  4.988592e-01   5.057467e-25   1.932065e-04   1.926341e-26   384
  5.000902e-01   4.692808e-25   1.783541e-04   2.040949e-26   348
  5.007554e-01   5.346809e-25   2.198754e-04   1.949127e-26   576
  5.020050e-01   5.435738e-25   1.810385e-04   1.811057e-26   504
  5.032833e-01   5.608838e-25   2.553443e-04   2.424297e-26   432
  5.043991e-01   5.454889e-25   3.473946e-04   1.785806e-26   576
  5.051948e-01   5.203097e-25   8.173934e-09   2.519932e-26   264
  5.064571e-01   5.511691e-25   2.764393e-04   1.611078e-26   768
  5.075549e-01   4.463353e-25   3.721752e-04   1.783340e-26   240
  5.084277e-01   4.734103e-25   3.282233e-04   3.748497e-26   192
  5.096990e-01   5.305817e-25   2.416124e-04   1.846833e-26   504
  5.106418e-01   5.249338e-25   3.255818e-04   1.625255e-26   590
  5.115460e-01   5.033131e-25   3.647966e-04   2.172543e-26   384
  5.126798e-01   4.456603e-25   3.048625e-04   1.746649e-26   504
  5.140486e-01   4.643077e-25   2.933830e-04   1.475035e-26   648
  5.153764e-01   4.053853e-25   7.967896e-05   1.361257e-26   504
  5.159117e-01   4.625572e-25   1.817627e-04   1.932689e-26   312
  5.168569e-01   5.022984e-25   2.618753e-04   1.859035e-26   576
  5.181545e-01   5.244471e-25   1.822405e-04   2.555040e-26   240
  5.189109e-01   4.695226e-25   1.841453e-04   1.700468e-26   552
  5.199816e-01   4.462637e-25   1.729082e-04   1.439012e-26   600
  5.215067e-01   4.677912e-25   2.111937e-04   1.634055e-26   600
  5.224237e-01   4.571395e-25   3.382099e-04   2.141627e-26   312
  5.233368e-01   4.910746e-25   2.945474e-04   2.146812e-26   480
  5.244775e-01   4.433810e-25   1.837693e-04   1.623644e-26   576
  5.254818e-01   4.162606e-25   2.959085e-04   1.760600e-26   408
  5.263729e-01   2.794208e-25   3.451909e-04   1.727732e-26   216
  5.275243e-01   4.635798e-25   2.643774e-04   1.667517e-26   516
  5.287578e-01   4.287468e-25   2.522429e-04   1.248619e-26   744
  5.300304e-01   4.451764e-25   1.684760e-04   1.730040e-26   462
  5.307494e-01   3.691899e-25   1.712315e-04   1.696310e-26   432
  5.318647e-01   4.013399e-25   1.588547e-04   1.390849e-26   648
  5.331761e-01   3.729904e-25   2.324340e-04   1.406016e-26   528
  5.342295e-01   4.447596e-25   2.799086e-04   1.585242e-26   600
  5.352820e-01   4.623397e-25   3.528915e-04   2.416140e-26   240
  5.363014e-01   3.644187e-25   2.703115e-04   1.161834e-26   720
  5.374863e-01   3.965435e-25   2.138653e-04   1.353917e-26   720
  5.387997e-01   2.316424e-25   0.000000e+00   1.284065e-26   144
  5.394909e-01   4.256837e-25   2.757364e-04   1.388441e-26   720
  5.404742e-01   4.064372e-25   1.653370e-04   1.913429e-26   384
  5.417051e-01   3.777841e-25   1.832848e-04   1.251705e-26   672
  5.428730e-01   4.001602e-25   3.209115e-04   2.279865e-26   336
  5.434308e-01   3.214717e-25   7.492773e-09   1.928886e-26   288
  5.447967e-01   3.228550e-25   2.539800e-04   1.065421e-26   776
  5.460612e-01   3.614626e-25   2.173184e-04   1.170343e-26   720
  5.471231e-01   3.344816e-25   1.750659e-04   1.507365e-26   432
  5.479725e-01   4.061951e-25   2.495786e-04   1.536434e-26   504
  5.489174e-01   4.176553e-25   1.748652e-04   1.813081e-26   528
  5.502396e-01   3.116236e-25   2.382437e-04   1.370382e-26   438
  5.513273e-01   3.356363e-25   2.772938e-04   1.245649e-26   624
  5.521470e-01   3.201587e-25   3.396475e-04   1.653079e-26   312
  5.532738e-01   3.891865e-25   1.829935e-04   1.152112e-26   696
  5.544390e-01   3.248959e-25   1.655760e-04   1.180454e-26   552
  5.556509e-01   3.404232e-25   1.281006e-04   1.506469e-26   516
  5.564006e-01   3.359587e-25   2.558713e-04   1.329816e-26   528
  5.573133e-01   2.874502e-25   1.664001e-04   1.080348e-26   528
  5.586097e-01   3.062010e-25   2.194479e-04   9.372028e-27   864
  5.594897e-01   3.176269e-25   3.005985e-04   1.434066e-26   408
  5.603706e-01   4.545769e-25   2.978186e-04   3.287362e-26   192
  5.616191e-01   2.876891e-25   2.464592e-04   1.033522e-26   720
  5.626731e-01   3.181882e-25   2.272475e-04   1.202256e-26   696
  5.639255e-01   2.981785e-25   2.454294e-04   9.664384e-27   720
  5.650713e-01   3.592039e-25   3.326501e-04   1.554860e-26   432
  5.657395e-01   2.767022e-25   1.958109e-04   1.535274e-26   264
  5.669418e-01   3.035506e-25   2.704061e-04   1.103411e-26   672
  5.680171e-01   2.820791e-25   2.768544e-04   9.875108e-27   600
  5.692933e-01   2.113078e-25   1.620980e-04   1.002206e-26   270
  5.699366e-01   2.515317e-25   2.440026e-04   1.226191e-26   528
  5.709591e-01   2.898341e-25   1.670843e-04   8.688287e-27   840
  5.723613e-01   3.008392e-25   3.194952e-04   9.057726e-27   888
  5.736568e-01   2.654700e-25   2.380474e-04   8.728945e-27   744
  5.747517e-01   2.910596e-25   1.223216e-04   1.117497e-26   456
  5.752963e-01   3.505859e-25   1.671601e-04   1.392408e-26   360
  5.762282e-01   2.208772e-25   1.448348e-04   9.764146e-27   384
  5.776580e-01   2.723293e-25   2.323137e-04   8.921493e-27   816
  5.787308e-01   2.554213e-25   3.370546e-04   8.471901e-27   824
  5.800348e-01   2.490928e-25   1.566791e-04   1.347421e-26   360
  5.807331e-01   2.593448e-25   2.311994e-04   8.692212e-27   624
  5.816941e-01   3.147704e-25   1.562320e-04   1.597463e-26   360
  5.829744e-01   2.477184e-25   2.125215e-04   8.232137e-27   876
  5.841306e-01   2.623737e-25   2.524119e-04   1.008894e-26   696
  5.852967e-01   2.430297e-25   1.629911e-04   1.235691e-26   336
  5.859080e-01   2.736090e-25   1.628079e-04   1.269528e-26   504
  5.869176e-01   2.351330e-25   1.642187e-04   9.635066e-27   672
  5.884155e-01   2.430670e-25   3.269213e-04   7.995073e-27   720
  5.894543e-01   2.415620e-25   2.469541e-04   8.773522e-27   774
  5.906010e-01   2.017231e-25   1.413501e-04   1.071658e-26   384
  5.912015e-01   2.680140e-25   2.720183e-04   1.120645e-26   528
  5.921335e-01   2.537003e-25   2.592486e-04   9.111617e-27   744
  5.936327e-01   2.744331e-25   2.138251e-04   9.217835e-27   768
  5.946281e-01   1.972609e-25   2.400348e-04   7.485512e-27   552
  5.958700e-01   2.347287e-25   2.616108e-04   9.287291e-27   696
  5.967938e-01   2.390597e-25   3.179026e-04   9.964485e-27   408
  5.975272e-01   2.393773e-25   1.373364e-04   9.508882e-27   504
  5.986899e-01   2.318264e-25   2.467198e-04   7.592186e-27   888
  5.998339e-01   2.268827e-25   2.564132e-04   8.982154e-27   648
  6.010230e-01   2.160754e-25   2.542153e-04   9.223040e-27   648
  6.021418e-01   2.024209e-25   2.741064e-04   7.392265e-27   792
  6.033268e-01   1.996234e-25   4.010364e-04   8.556082e-27   600
  6.042000e-01   1.733396e-25   2.717856e-04   8.459490e-27   456
  6.051191e-01   1.984577e-25   1.324567e-04   7.102528e-27   648
  6.062996e-01   1.841273e-25   2.583099e-04   5.703092e-27   936
  6.075741e-01   2.650512e-25   1.586356e-04   1.198834e-26   384
  6.086836e-01   1.969997e-25   0.000000e+00   1.520952e-26   198
  6.095398e-01   1.869186e-25   4.024720e-04   4.967475e-27   1224
  6.104634e-01   2.281421e-25   2.931235e-04   1.071408e-26   420
  6.115558e-01   1.900757e-25   2.836822e-04   6.056321e-27   792
  6.126238e-01   1.843901e-25   2.345810e-04   7.425194e-27   680
  6.138428e-01   1.677222e-25   2.154033e-04   6.320171e-27   600
  6.148235e-01   1.717969e-25   3.123938e-04   6.000591e-27   840
  6.161330e-01   1.950781e-25   1.474979e-04   9.550988e-27   432
  6.166334e-01   1.875432e-25   1.382249e-04   7.425519e-27   720
  6.177213e-01   1.867643e-25   2.768404e-04   6.244220e-27   960
  6.190745e-01   1.735358e-25   2.467829e-04   7.812972e-27   528
  6.200634e-01   1.763505e-25   2.522592e-04   9.202494e-27   624
  6.212404e-01   1.771451e-25   1.982740e-04   6.029127e-27   816
  6.224086e-01   1.576458e-25   3.260658e-04   6.329037e-27   696
  6.236996e-01   1.501953e-25   8.991328e-09   9.239209e-27   240
  6.241851e-01   1.796100e-25   1.922888e-04   7.852438e-27   672
  6.252686e-01   1.606202e-25   3.436476e-04   6.241280e-27   864
  6.264840e-01   1.279400e-25   2.636938e-04   4.216603e-27   816
  6.275795e-01   1.444306e-25   1.509292e-04   6.428092e-27   648
  6.287594e-01   1.720000e-25   1.542771e-04   6.043228e-27   843
  6.297611e-01   1.445557e-25   2.775825e-04   5.362406e-27   780
  6.309548e-01   1.244194e-25   1.489456e-04   9.844517e-27   216
  6.316911e-01   1.454864e-25   3.591661e-04   4.612627e-27   1056
  6.328235e-01   1.432359e-25   2.938382e-04   1.047387e-26   228
  6.338720e-01   1.606474e-25   3.658358e-04   5.714973e-27   924
  6.349484e-01   1.528677e-25   1.357046e-04   5.619120e-27   696
  6.360882e-01   1.216008e-25   2.415153e-04   4.455839e-27   996
  6.372543e-01   1.109950e-25   1.425858e-04   4.593841e-27   576
  6.384675e-01   1.292128e-25   2.200718e-04   6.970859e-27   552
  6.393519e-01   1.557096e-25   2.627580e-04   6.811646e-27   516
  6.402494e-01   1.317046e-25   3.821047e-04   5.240534e-27   744
  6.412749e-01   1.002165e-25   1.874451e-04   4.170079e-27   576
  6.421669e-01   1.098590e-25   1.929285e-04   4.068510e-27   792
  6.434346e-01   1.309593e-25   2.205530e-04   4.481834e-27   792
  6.443636e-01   1.167544e-25   2.378641e-04   4.814278e-27   720
  6.456200e-01   1.130802e-25   2.711104e-04   4.062888e-27   656
  6.467974e-01   1.144370e-25   2.960385e-04   4.210209e-27   816
  6.480043e-01   1.055187e-25   1.596190e-04   5.516693e-27   492
  6.486903e-01   1.299029e-25   2.296231e-04   5.385131e-27   552
  6.499778e-01   9.605389e-26   3.992867e-04   4.605197e-27   780
  6.508139e-01   1.060101e-25   2.452771e-04   4.801402e-27   528
  6.517148e-01   8.765379e-26   2.863130e-04   3.063867e-27   600
  6.530425e-01   1.232722e-25   2.379487e-04   3.996641e-27   900
  6.539577e-01   1.043117e-25   1.317325e-04   4.753077e-27   696
  6.552168e-01   9.444535e-26   3.330907e-04   3.872470e-27   696
  6.564349e-01   8.219423e-26   1.351317e-04   2.861672e-27   552
  6.574592e-01   8.436271e-26   1.571457e-04   3.513656e-27   708
  6.585322e-01   9.287170e-26   2.594565e-04   3.425213e-27   876
  6.596487e-01   1.106227e-25   1.377663e-04   1.150946e-26   216
  6.603980e-01   9.505998e-26   3.768094e-04   3.104705e-27   1032
  6.615201e-01   7.732864e-26   4.195357e-04   3.664472e-27   600
  6.626848e-01   6.985513e-26   2.001869e-04   3.277482e-27   600
  6.635732e-01   8.943521e-26   3.535112e-04   3.757449e-27   528
  6.646233e-01   8.777844e-26   1.940622e-04   3.599244e-27   732
  6.657296e-01   8.873433e-26   1.432973e-04   5.002179e-27   336
  6.670031e-01   7.923463e-26   2.042271e-04   3.220302e-27   912
  6.679548e-01   6.218369e-26   2.049821e-04   2.190037e-27   624
  6.689946e-01   8.518297e-26   1.727341e-04   3.280874e-27   768
  6.702082e-01   7.984676e-26   3.116463e-04   2.817631e-27   792
  6.713995e-01   7.483336e-26   1.545014e-04   3.600924e-27   660
  6.722471e-01   7.589777e-26   2.276826e-04   3.922778e-27   504
  6.731238e-01   6.387704e-26   3.719898e-04   2.637155e-27   480
  6.744376e-01   5.639325e-26   3.440421e-04   2.023955e-27   912
  6.754664e-01   7.329163e-26   3.831443e-04   3.840072e-27   432
  6.764380e-01   7.242794e-26   2.275021e-04   3.894353e-27   564
  6.773006e-01   6.662518e-26   2.177508e-04   2.422705e-27   600
  6.785149e-01   7.596546e-26   3.035240e-04   2.754383e-27   876
  6.794272e-01   6.687145e-26   1.364735e-04   4.394451e-27   264
  6.806846e-01   6.142633e-26   2.648123e-04   3.104185e-27   560
  6.816953e-01   5.837390e-26   1.799457e-04   1.958876e-27   840
  6.829222e-01   5.271634e-26   2.774244e-04   1.857495e-27   1008
  6.840568e-01   4.822321e-26   1.241010e-04   2.029243e-27   456
  6.850930e-01   6.646058e-26   1.607553e-04   3.037575e-27   576
  6.860509e-01   6.075957e-26   2.470177e-04   2.685028e-27   612
  6.873140e-01   6.147696e-26   2.206269e-04   2.471674e-27   780
  6.883444e-01   6.057199e-26   2.528284e-04   2.311466e-27   648
  6.893992e-01   6.126835e-26   1.178213e-04   4.251100e-27   312
  6.900734e-01   4.516016e-26   2.993645e-04   1.819796e-27   528
  6.912414e-01   4.569246e-26   3.909551e-04   1.564619e-27   720
  6.923583e-01   5.713807e-26   3.921794e-04   3.096327e-27   576
  6.937124e-01   5.047116e-26   3.383053e-04   2.553785e-27   444
  6.945549e-01   5.487355e-26   3.317685e-04   1.744928e-27   996
  6.955874e-01   4.478933e-26   2.771265e-04   2.615230e-27   432
  6.965633e-01   5.341568e-26   3.033990e-04   2.335564e-27   504
  6.974062e-01   3.716467e-26   1.367883e-04   1.846374e-27   504
  6.986065e-01   5.616484e-26   2.692009e-04   1.915643e-27   876
  6.996926e-01   4.603216e-26   3.098246e-04   2.172577e-27   504
  7.008236e-01   4.275048e-26   1.975899e-04   1.823575e-27   696
  7.017583e-01   4.883426e-26   1.689187e-04   2.063564e-27   492
  7.030300e-01   3.758799e-26   2.418152e-04   1.786330e-27   432
  7.039719e-01   4.952716e-26   2.264335e-04   1.816449e-27   768
  7.050885e-01   4.015458e-26   2.820533e-04   1.603113e-27   648
  7.061547e-01   3.501277e-26   1.840095e-04   1.850339e-27   456
  7.073798e-01   4.136173e-26   2.530430e-04   1.808649e-27   552
  7.082306e-01   3.715745e-26   1.734358e-04   1.580806e-27   648
  7.094016e-01   3.684723e-26   2.826907e-04   1.098821e-27   840
  7.105454e-01   3.914420e-26   1.348092e-04   1.865534e-27   432
  7.116906e-01   3.978399e-26   1.651183e-04   1.980886e-27   600
  7.124870e-01   4.548221e-26   1.759227e-04   2.153146e-27   432
  7.138248e-01   4.196841e-26   1.751482e-04   1.706718e-27   560
  7.147308e-01   3.237873e-26   2.772412e-04   1.153712e-27   840
  7.158652e-01   3.897227e-26   1.642140e-04   1.811476e-27   504
  7.167662e-01   3.116217e-26   3.351509e-04   1.107821e-27   696
  7.180362e-01   4.187128e-26   1.830475e-04   2.184915e-27   384
  7.190254e-01   2.931532e-26   2.681431e-04   1.131530e-27   576
  7.202219e-01   3.076136e-26   1.654845e-04   1.583870e-27   360
  7.211864e-01   3.404267e-26   2.464465e-04   1.280988e-27   828
  7.222268e-01   3.009063e-26   2.195064e-04   1.546795e-27   372
  7.231800e-01   3.008144e-26   3.352284e-04   1.031409e-27   576
  7.244428e-01   3.544330e-26   1.403933e-04   1.470984e-27   636
  7.253425e-01   3.056372e-26   2.706420e-04   1.254640e-27   648
  7.265596e-01   2.801429e-26   2.200024e-04   1.161003e-27   576
  7.274333e-01   2.949015e-26   3.548870e-04   1.251635e-27   528
  7.285953e-01   3.024800e-26   1.517289e-04   1.711734e-27   360
  7.295571e-01   2.529766e-26   3.490332e-04   8.556038e-28   672
  7.308130e-01   3.243699e-26   1.787806e-04   1.152441e-27   804
  7.318582e-01   2.853974e-26   1.972163e-04   1.312761e-27   408
  7.330145e-01   3.245550e-26   1.219011e-04   1.578347e-27   384
  7.337931e-01   2.155187e-26   2.789567e-04   1.181024e-27   480
  7.348913e-01   2.327483e-26   1.802469e-04   1.011151e-27   432
  7.359446e-01   3.024280e-26   3.321566e-04   1.114366e-27   648
  7.371913e-01   2.696760e-26   2.061016e-04   1.027210e-27   624
  7.381033e-01   2.600824e-26   1.874668e-04   1.369971e-27   456
  7.393486e-01   2.410214e-26   2.560963e-04   1.146909e-27   588
  7.401831e-01   2.310331e-26   1.633884e-04   8.274410e-28   600
  7.414016e-01   2.273867e-26   2.548458e-04   8.684682e-28   708
  7.423640e-01   2.432556e-26   1.605479e-04   1.188573e-27   360
  7.434275e-01   2.676598e-26   1.845541e-04   1.256793e-27   552
  7.444470e-01   2.220846e-26   1.294691e-04   1.550970e-27   288
  7.454820e-01   2.245423e-26   2.434372e-04   1.005944e-27   528
  7.464545e-01   2.434037e-26   1.642340e-04   9.265788e-28   456
  7.475410e-01   2.397849e-26   2.912225e-04   1.028968e-27   608
  7.486338e-01   1.983212e-26   1.408967e-04   7.775781e-28   504
  7.498278e-01   1.506678e-26   3.024972e-04   5.920345e-28   540
  7.507642e-01   2.560160e-26   3.247222e-04   1.250865e-27   360
  7.517735e-01   2.580714e-26   1.470509e-04   1.192219e-27   540
  7.526661e-01   2.077101e-26   1.262606e-04   9.206194e-28   576
  7.539642e-01   2.186565e-26   2.927555e-04   9.244299e-28   588
  7.551985e-01   2.024017e-26   4.039143e-04   8.759438e-28   672
  7.562588e-01   2.325887e-26   3.087151e-04   8.959181e-28   552
  7.571135e-01   1.683693e-26   3.088712e-04   1.235363e-27   144
  7.582042e-01   2.196880e-26   2.624178e-04   8.988858e-28   600
  7.592383e-01   1.578472e-26   3.288668e-04   7.144871e-28   504
  7.603860e-01   1.854768e-26   3.378126e-04   1.139195e-27   336
  7.615932e-01   1.892265e-26   3.797028e-04   7.671333e-28   600
  7.626744e-01   1.741143e-26   2.450478e-04   8.059910e-28   636
  7.638413e-01   1.892840e-26   1.970206e-04   1.199035e-27   384
  7.646595e-01   1.954792e-26   2.748205e-04   9.291559e-28   504
  7.658387e-01   1.430086e-26   1.153383e-04   8.851546e-28   240
  7.667694e-01   1.728864e-26   2.709461e-04   5.848062e-28   744
  7.678860e-01   1.656690e-26   1.850150e-04   6.230212e-28   648
  7.688783e-01   2.673467e-26   1.228185e-04   1.955548e-27   120
  7.700414e-01   1.434604e-26   1.929319e-04   5.360327e-28   564
  7.709202e-01   1.835408e-26   3.030111e-04   9.971139e-28   432
  7.720932e-01   1.468121e-26   2.351965e-04   6.950201e-28   480
  7.729764e-01   1.166869e-26   1.731106e-04   5.670204e-28   456
  7.740189e-01   1.617971e-26   2.864725e-04   7.946034e-28   444
  7.752020e-01   1.475694e-26   4.383180e-04   7.796777e-28   528
  7.762412e-01   1.863781e-26   3.255297e-04   1.319296e-27   264
  7.772498e-01   1.528561e-26   3.336195e-04   7.748575e-28   444
  7.786065e-01   1.590476e-26   3.654311e-04   5.706100e-28   696
  7.797327e-01   1.670513e-26   1.954448e-04   9.995514e-28   384
  7.805563e-01   1.233735e-26   2.469609e-04   5.396577e-28   432
  7.818373e-01   1.660441e-26   1.706384e-04   7.164269e-28   488
  7.826690e-01   1.595984e-26   2.571733e-04   7.493662e-28   480
  7.838749e-01   1.273608e-26   2.868014e-04   6.700621e-28   480
  7.848089e-01   1.163246e-26   1.203331e-04   6.597825e-28   240
  7.858692e-01   1.512334e-26   2.810886e-04   7.174572e-28   600
  7.868694e-01   1.037637e-26   2.449399e-04   6.288202e-28   288
  7.879343e-01   1.350641e-26   2.356143e-04   6.494541e-28   480
  7.890129e-01   1.126921e-26   4.191157e-04   5.808362e-28   504
  7.900748e-01   1.407374e-26   1.798267e-04   7.938804e-28   216
  7.914291e-01   1.227489e-26   2.944050e-04   5.917622e-28   504
  7.924838e-01   1.031485e-26   2.367912e-04   4.686425e-28   456
  7.936384e-01   1.503751e-26   1.358038e-04   7.239088e-28   384
  7.944031e-01   1.508422e-26   2.756326e-04   8.137543e-28   480
  7.954897e-01   9.772864e-27   2.420363e-04   5.266720e-28   504
  7.964966e-01   1.194378e-26   1.535327e-04   7.078689e-28   312
  7.975815e-01   1.269439e-26   2.474127e-04   6.494228e-28   492
  7.985417e-01   1.497038e-26   2.318919e-04   9.574979e-28   312
  7.997779e-01   1.074442e-26   3.766899e-04   4.758716e-28   576
  8.008661e-01   1.311577e-26   3.477153e-04   8.361825e-28   336
  8.017699e-01   7.636035e-27   2.677247e-04   5.649277e-28   240
  8.030228e-01   1.167162e-26   3.549351e-04   5.680672e-28   468
  8.041047e-01   1.198439e-26   2.222407e-04   9.485424e-28   192
  8.052370e-01   9.460872e-27   2.229031e-04   5.909777e-28   324
  8.060669e-01   1.046429e-26   1.617794e-04   4.585556e-28   600
  8.071978e-01   1.127778e-26   2.624704e-04   5.187712e-28   456
  8.080377e-01   1.069327e-26   1.180592e-04   7.219956e-28   336
  8.094297e-01   1.223448e-26   3.535027e-04   6.159865e-28   612
  8.104424e-01   1.019973e-26   2.966749e-04   1.280378e-27   144
  8.114002e-01   1.097804e-26   3.462957e-04   4.911219e-28   552
  8.127025e-01   6.438967e-27   1.363755e-04   3.786718e-28   264
  8.134384e-01   9.416121e-27   3.157441e-04   6.292028e-28   336
  8.145992e-01   7.948183e-27   2.086329e-04   3.976827e-28   384
  8.156059e-01   1.036073e-26   1.174397e-04   7.208648e-28   216
  8.167203e-01   6.886067e-27   2.489964e-04   4.061018e-28   344
  8.177364e-01   7.753580e-27   3.715143e-04   4.339153e-28   408
  8.189746e-01   7.591860e-27   2.854845e-04   5.917231e-28   264
  8.200718e-01   8.685380e-27   3.979796e-04   4.597618e-28   612
  8.211681e-01   1.225881e-26   2.048307e-04   7.155117e-28   408
  8.222956e-01   8.200009e-27   2.051251e-04   5.320761e-28   444
  8.231239e-01   1.493291e-26   1.147249e-04   1.117228e-27   120
  8.242338e-01   1.010316e-26   3.169640e-04   6.673143e-28   336
  8.250576e-01   7.939440e-27   1.101437e-04   5.373800e-28   288
  8.261708e-01   8.246250e-27   3.427692e-04   3.908440e-28   552
  8.277012e-01   1.041219e-26   1.835347e-08   1.237713e-27   72
  8.284882e-01   7.916017e-27   3.404572e-04   4.489244e-28   504
  8.294074e-01   4.384572e-27   1.095558e-04   2.904328e-28   216
  8.305983e-01   5.953116e-27   1.956043e-04   4.136148e-28   312
  8.316675e-01   6.203122e-27   2.227263e-04   3.853475e-28   336
  8.326865e-01   5.307907e-27   3.087236e-04   4.420301e-28   204
  8.337014e-01   1.075514e-26   3.587838e-04   7.106147e-28   504
  8.347777e-01   9.277519e-27   3.416652e-04   5.670057e-28   396
  8.358127e-01   7.559308e-27   3.133249e-04   5.161479e-28   312
  8.370674e-01   1.043160e-26   1.914750e-04   8.975468e-28   216
  8.379516e-01   7.026408e-27   1.039172e-04   6.423542e-28   168
  8.390260e-01   6.875005e-27   2.623966e-04   3.579984e-28   588
  8.402521e-01   5.071064e-27   3.561727e-04   4.375013e-28   240
  8.412047e-01   4.701121e-27   3.145601e-04   3.512089e-28   264
  8.423219e-01   5.612744e-27   3.890183e-04   3.890161e-28   288
  8.433131e-01   6.450070e-27   1.942596e-04   5.601048e-28   288
  8.445693e-01   4.985689e-27   1.824407e-04   3.447939e-28   288
  8.454153e-01   5.226491e-27   2.113423e-04   4.333791e-28   192
  8.464795e-01   3.676580e-27   2.248894e-04   2.467171e-28   264
  8.474933e-01   9.508853e-27   3.699119e-04   5.517687e-28   372
  8.485844e-01   9.879551e-27   3.995208e-04   6.983468e-28   360
  8.499161e-01   9.213341e-27   1.690810e-04   1.100911e-27   144
  8.506044e-01   5.564028e-27   2.348461e-04   4.957350e-28   296
  8.516909e-01   5.835301e-27   2.530345e-04   4.322028e-28   288
  8.529347e-01   6.000931e-27   3.781537e-04   3.464326e-28   480
  8.540076e-01   4.175875e-27   3.142096e-04   5.176369e-28   192
  8.550509e-01   7.199346e-27   3.370327e-04   6.443470e-28   192
  8.559992e-01   5.377033e-27   2.147949e-04   4.482176e-28   288
  8.573180e-01   2.845142e-27   1.869760e-04   2.617641e-28   108
  8.579823e-01   5.349898e-27   1.797545e-04   3.633669e-28   240
  8.591554e-01   4.026706e-27   3.353363e-04   3.373465e-28   384
  8.603605e-01   5.736061e-27   4.090723e-04   5.745796e-28   108
  8.614261e-01   6.930095e-27   2.398466e-04   3.913994e-28   348
  8.625466e-01   5.024340e-27   2.503134e-04   4.691073e-28   312
  8.635474e-01   4.540228e-27   2.432319e-04   8.205390e-28   96
  8.644677e-01   4.617425e-27   3.238194e-04   3.028584e-28   384
  8.654984e-01   5.007427e-27   2.227222e-04   5.092236e-28   144
  8.665066e-01   5.071974e-27   3.422225e-04   3.328740e-28   408
  8.677598e-01   2.593787e-27   1.526554e-04   2.229475e-28   144
  8.689437e-01   4.785565e-27   2.934816e-04   4.741565e-28   192
  8.696459e-01   6.397584e-27   3.303190e-04   4.973264e-28   144
  8.707904e-01   2.803081e-27   2.685615e-04   2.576639e-28   144
  8.718702e-01   4.462828e-27   3.282257e-04   3.152301e-28   336
  8.731927e-01   2.734827e-27   2.428454e-04   1.845486e-28   240
  8.740312e-01   2.803173e-27   1.102739e-04   3.987269e-28   96
  8.752007e-01   5.488626e-27   3.233803e-04   4.441037e-28   372
  8.763838e-01   3.731787e-27   3.846540e-04   5.231464e-28   132
  8.774230e-01   2.747008e-27   2.380193e-04   1.761594e-28   264
  8.783527e-01   5.066442e-27   1.827880e-04   5.473006e-28   168
  8.793449e-01   4.335669e-27   2.922429e-04   3.319347e-28   216
  8.802213e-01   3.728798e-27   1.787978e-04   5.475623e-28   216
  8.814979e-01   1.668813e-27   3.280196e-04   1.381552e-28   96
  8.826561e-01   5.550673e-27   2.140028e-04   7.890087e-28   120
  8.837183e-01   3.085954e-27   2.720578e-04   2.624201e-28   216
  8.845934e-01   2.622545e-27   1.188902e-04   2.337423e-28   200
  8.857519e-01   3.134994e-27   3.077557e-04   3.026491e-28   288
  8.872378e-01   1.205727e-27   8.097649e-05   8.479040e-29   144
  8.878635e-01   3.755508e-27   2.519939e-04   4.745433e-28   168
  8.891412e-01   4.868726e-27   2.835956e-04   7.111579e-28   159
  8.901386e-01   2.372975e-27   2.975600e-04   2.090544e-28   174
  8.911039e-01   2.504073e-27   2.698170e-04   2.155278e-28   144
  8.923678e-01   3.645424e-27   1.557998e-04   3.218570e-28   222
  8.932131e-01   2.223212e-27   1.572158e-04   2.249711e-28   168
  8.946732e-01   4.500610e-27   3.448346e-04   6.680068e-28   30
  8.952763e-01   8.365781e-28   3.044637e-04   7.217439e-29   72
  8.964123e-01   2.107254e-27   2.717302e-04   2.038341e-28   258
  8.976612e-01   1.913620e-27   1.701916e-04   1.415602e-28   264
  8.982857e-01   2.773259e-27   0.000000e+00   3.935999e-28   72
  8.995871e-01   1.308847e-27   3.373270e-04   1.180937e-28   174
  9.007654e-01   1.998805e-27   3.591909e-04   2.028668e-28   168
  9.017127e-01   6.341575e-28   1.123916e-08   4.493166e-29   48
  9.027297e-01   1.326900e-27   2.028435e-04   1.642880e-28   150
  9.039088e-01   2.691026e-27   3.731453e-04   1.977319e-28   168
  9.050911e-01   1.393441e-27   2.273028e-04   9.987249e-29   144
  9.061784e-01   2.916678e-27   2.123525e-04   4.066134e-28   102
  9.069882e-01   7.716173e-28   3.143182e-04   6.567567e-29   96
  9.082731e-01   7.446694e-28   3.119397e-04   5.466675e-29   120
  9.092246e-01   5.364639e-28   3.345635e-04   2.578208e-29   168
  9.102538e-01   2.774686e-27   2.470487e-04   2.023606e-28   126
  9.111308e-01   1.853201e-27   1.863241e-04   2.119011e-28   168
  9.123389e-01   9.669134e-28   2.987709e-04   8.508097e-29   72
  9.133947e-01   9.396750e-28   3.741278e-04   5.565619e-29   168
  9.143196e-01   2.373730e-27   1.025668e-04   5.201292e-28   78
  9.155870e-01   8.367738e-28   1.684070e-04   6.153189e-29   60
  9.166075e-01   3.022786e-27   2.731835e-04   3.431172e-28   96
  9.176659e-01   1.183933e-27   3.314854e-04   8.199841e-29   168
  9.186605e-01   1.076085e-27   2.097511e-04   2.094853e-28   86
  9.197042e-01   5.142229e-28   1.874678e-04   4.844741e-29   120
  9.212002e-01   8.156609e-28   1.336894e-04   5.559546e-29   168
  9.220069e-01   5.734588e-28   0.000000e+00   5.987134e-29   48
  9.230934e-01   1.604393e-27   2.435676e-04   1.376503e-28   120
  9.237177e-01   9.895936e-28   1.776924e-04   1.222148e-28   126
  9.252418e-01   1.128662e-27   3.125113e-04   9.814476e-29   96
  9.262310e-01   9.958274e-28   9.011285e-05   7.898379e-29   96
  9.270111e-01   7.161217e-28   0.000000e+00   5.904944e-29   72
  9.286731e-01   7.571350e-28   1.123916e-08   1.114820e-28   24
  9.297104e-01   1.159540e-27   1.854501e-04   1.455879e-28   120
  9.305196e-01   1.089952e-27   2.705147e-04   1.240879e-28   126
  9.314194e-01   5.519924e-28   2.255107e-04   6.080013e-29   96
  9.324708e-01   3.646370e-28   3.897482e-04   2.261572e-29   72
  9.336415e-01   5.269148e-28   1.685792e-04   3.653523e-29   144
  9.346046e-01   6.253502e-28   9.723254e-05   5.982694e-29   72
  9.355666e-01   7.901965e-28   1.942081e-04   1.819546e-28   54
  9.364132e-01   9.808770e-28   1.711436e-04   1.391002e-28   108
  9.381728e-01   1.103061e-27   1.677650e-04   1.163367e-28   72
  9.387206e-01   7.695685e-28   9.680617e-05   8.377528e-29   72
  9.400202e-01   7.450300e-28   1.946680e-08   9.182544e-29   24
  9.412498e-01   2.378553e-28   2.047976e-04   2.674654e-29   48
  9.419964e-01   6.890531e-28   1.560029e-04   1.041721e-28   102
  9.431203e-01   5.576610e-28   3.528137e-04   4.867406e-29   168
  9.445889e-01   3.118612e-28   1.924163e-04   2.972958e-29   72
  9.451330e-01   4.116361e-28   0.000000e+00   5.129762e-29   48
  9.462744e-01   5.398960e-28   3.309678e-04   2.996477e-29   120
  9.477807e-01   4.209215e-28   2.033864e-04   2.585797e-29   96
  9.492033e-01   1.533127e-27   2.202416e-08   4.709900e-28   30
  9.508942e-01   8.807159e-28   9.555995e-05   8.217134e-29   72
  9.516372e-01   4.576470e-28   1.123916e-08   7.232273e-29   24
  9.525916e-01   2.574599e-28   1.416435e-04   2.258092e-29   56
  9.536606e-01   1.646235e-28   2.021324e-04   1.073992e-29   96
  9.549399e-01   3.897004e-28   2.232036e-04   2.704977e-29   144
  9.559263e-01   6.178343e-28   1.267263e-04   1.540980e-28   54
  9.573592e-01   3.639900e-28   1.898493e-04   2.132262e-29   108
  9.588012e-01   7.740239e-28   1.005243e-04   1.058333e-28   48
  9.601739e-01   3.967983e-28   3.785063e-04   3.024599e-29   72
  9.634680e-01   5.342967e-28   2.500803e-04   5.950878e-29   78
  9.643808e-01   1.554208e-28   1.884669e-04   1.502333e-29   72
  9.654462e-01   1.993761e-28   1.882329e-04   1.348670e-29   72
  9.665603e-01   3.477525e-28   4.542266e-04   3.615977e-29   96
  9.674408e-01   2.537743e-28   1.878449e-04   1.756732e-29   72
  9.685029e-01   3.075225e-28   0.000000e+00   5.042110e-29   24
  9.695638e-01   3.400062e-28   3.748416e-04   2.520311e-29   72
  9.719599e-01   3.744854e-28   2.380359e-04   2.662073e-29   30
  9.724755e-01   4.435936e-28   0.000000e+00   5.194048e-29   24
  9.752466e-01   1.185743e-28   1.976584e-04   1.236653e-29   48
  9.761159e-01   2.086084e-28   4.253608e-04   1.608132e-29   120
  9.772870e-01   1.627987e-28   1.859776e-04   1.366771e-29   72
  9.784697e-01   1.981424e-28   1.857528e-04   2.096437e-29   36
  9.792826e-01   2.381368e-28   3.671339e-04   3.568901e-29   78
  9.815513e-01   2.652945e-28   1.963888e-04   3.188801e-29   48
  9.844928e-01   5.086665e-28   1.589457e-08   5.072848e-29   24
  9.865884e-01   9.658747e-29   1.367612e-04   8.924845e-30   56
  9.876436e-01   1.374414e-28   2.104496e-04   1.229752e-29   102
  9.889860e-01   1.744515e-28   1.498555e-08   1.535436e-29   72
  9.897653e-01   1.936792e-28   0.000000e+00   2.788851e-29   24
  9.911277e-01   1.516617e-28   1.944913e-04   1.478534e-29   48
  9.936528e-01   2.695066e-28   0.000000e+00   4.230511e-29   24
  9.967520e-01   3.101445e-28   0.000000e+00   5.949339e-29   6
  9.977185e-01   6.030269e-29   0.000000e+00   6.997441e-30   24
  9.983623e-01   1.127907e-28   1.820511e-04   7.300216e-30   72
  9.995384e-01   1.048643e-28   3.396336e-04   6.883902e-30   84
  1.000805e+00   1.449742e-28   0.000000e+00   2.311932e-29   24
  1.001190e+00   1.152677e-28   1.589457e-08   1.309262e-29   24
  1.003114e+00   1.790850e-28   1.123916e-08   2.059323e-29   24
  1.005800e+00   3.198022e-28   0.000000e+00   7.902711e-29   6
  1.009244e+00   8.885758e-29   1.910001e-04   8.084320e-30   48
  1.010072e+00   7.732282e-29   3.598129e-04   6.759397e-30   72
  1.011152e+00   1.108398e-28   1.906396e-04   1.025716e-29   48
  1.012867e+00   1.259192e-28   0.000000e+00   2.106926e-29   24
  1.015148e+00   3.373248e-28   1.123916e-08   9.990252e-29   6
  1.020262e+00   4.061975e-29   0.000000e+00   1.091294e-29   8
  1.020640e+00   6.595759e-29   1.123916e-08   5.634924e-30   48
  1.021546e+00   7.754296e-29   1.848806e-04   6.178221e-30   60
  1.022904e+00   9.033157e-29   0.000000e+00   1.590824e-29   24
  1.024787e+00   1.361626e-28   0.000000e+00   1.159775e-29   6
  1.031723e+00   6.804192e-29   0.000000e+00   7.961847e-30   24
  1.032283e+00   6.509657e-29   1.867372e-04   6.010582e-30   48
  1.033217e+00   8.895502e-29   0.000000e+00   1.024988e-29   24
  1.034708e+00   6.337784e-29   1.123916e-08   1.363996e-29   6
  1.043181e+00   5.155161e-29   1.742080e-04   6.275838e-30   36
  1.043797e+00   5.398147e-29   0.000000e+00   5.449889e-30   24
  1.044904e+00   9.808336e-29   0.000000e+00   1.865844e-29   6
  1.054545e+00   4.436803e-29   1.583190e-04   4.816721e-30   32
  1.055367e+00   5.931310e-29   1.123916e-08   8.989358e-30   6
  1.065728e+00   7.676179e-29   0.000000e+00   8.594582e-30   12
  1.066089e+00   1.489847e-29   0.000000e+00   3.269838e-30   6
  1.077063e+00   2.178120e-29   1.589457e-08   6.321313e-30   6
