# power spectrum of chi
# redshift z=50.000000
# k              Pk             sigma(k)       sigma(Pk)      count
  1.963495e-02   1.523626e-20   0.000000e+00   4.695835e-21   6
  2.776802e-02   5.858486e-20   0.000000e+00   1.467866e-20   12
  3.400874e-02   3.403641e-20   3.725290e-10   1.452692e-20   8
  3.926991e-02   1.959513e-20   0.000000e+00   7.403787e-21   6
  4.390509e-02   2.205593e-20   0.000000e+00   4.983018e-21   24
  4.809562e-02   2.621214e-20   7.024475e-10   3.684380e-21   24
  5.553604e-02   2.931707e-20   0.000000e+00   9.897007e-21   12
  5.890486e-02   2.167059e-20   7.947286e-10   3.136960e-21   30
  6.209118e-02   9.977039e-21   0.000000e+00   1.849152e-21   24
  6.512178e-02   1.427783e-20   1.216675e-09   2.983079e-21   24
  6.801748e-02   1.035520e-20   7.450581e-10   2.779669e-21   8
  7.079483e-02   1.059254e-20   9.934107e-10   3.067597e-21   24
  7.346727e-02   1.052030e-20   0.000000e+00   1.620151e-21   48
  7.853982e-02   3.517526e-21   0.000000e+00   8.284643e-22   6
  8.095699e-02   6.970833e-21   1.404895e-09   1.011528e-21   48
  8.330406e-02   6.827038e-21   0.000000e+00   1.330658e-21   36
  8.558678e-02   6.088404e-21   9.934107e-10   9.923238e-22   24
  8.781018e-02   8.062659e-21   0.000000e+00   1.372856e-21   24
  8.997866e-02   6.274484e-21   0.000000e+00   7.748733e-22   48
  9.209610e-02   8.365456e-21   1.404895e-09   1.137399e-21   24
  9.619124e-02   4.542765e-21   1.404895e-09   6.157613e-22   24
  9.817477e-02   3.354371e-21   0.000000e+00   5.508517e-22   30
  1.001190e-01   5.521900e-21   0.000000e+00   6.392908e-22   72
  1.020262e-01   3.465701e-21   1.490116e-09   5.301402e-22   32
  1.057375e-01   3.781404e-21   0.000000e+00   3.983374e-22   72
  1.075451e-01   2.819698e-21   0.000000e+00   4.299521e-22   48
  1.110721e-01   4.387099e-21   0.000000e+00   1.505316e-21   12
  1.127942e-01   2.804747e-21   0.000000e+00   4.099048e-22   48
  1.144905e-01   3.220242e-21   0.000000e+00   4.225069e-22   48
  1.161620e-01   3.449897e-21   1.404895e-09   5.482573e-22   48
  1.178097e-01   3.840021e-21   1.589457e-09   7.960906e-22   30
  1.194348e-01   2.533664e-21   1.404895e-09   3.457242e-22   24
  1.210380e-01   2.737628e-21   2.961779e-09   3.328152e-22   72
  1.241824e-01   2.525009e-21   0.000000e+00   7.341354e-22   24
  1.257251e-01   1.888199e-21   0.000000e+00   2.025623e-22   96
  1.272490e-01   1.944403e-21   0.000000e+00   2.810211e-22   48
  1.287550e-01   1.472351e-21   2.433349e-09   1.711129e-22   24
  1.302436e-01   2.959844e-21   2.433349e-09   4.502242e-22   24
  1.317153e-01   1.828626e-21   0.000000e+00   1.970823e-22   72
  1.331707e-01   1.209778e-21   0.000000e+00   1.679798e-22   48
  1.360350e-01   2.378861e-21   1.490116e-09   5.745459e-22   8
  1.374447e-01   1.892957e-21   1.766064e-09   2.170890e-22   54
  1.388401e-01   1.898598e-21   0.000000e+00   1.794472e-22   84
  1.402216e-01   1.081442e-21   0.000000e+00   1.454952e-22   48
  1.415897e-01   1.142154e-21   1.986821e-09   1.531964e-22   24
  1.429446e-01   1.642353e-21   1.873193e-09   1.977146e-22   72
  1.442869e-01   1.030677e-21   0.000000e+00   1.062240e-22   96
  1.469345e-01   1.412889e-21   0.000000e+00   1.845007e-22   48
  1.482407e-01   7.598201e-22   0.000000e+00   1.173337e-22   48
  1.495354e-01   1.115504e-21   1.986821e-09   2.018296e-22   24
  1.508189e-01   1.168870e-21   0.000000e+00   1.132829e-22   72
  1.533539e-01   9.901395e-22   1.873193e-09   1.635785e-22   72
  1.546058e-01   8.808126e-22   0.000000e+00   9.577564e-23   96
  1.570796e-01   7.158255e-22   0.000000e+00   1.904954e-22   6
  1.583021e-01   8.621332e-22   0.000000e+00   1.051723e-22   96
  1.595151e-01   8.638068e-22   1.986821e-09   9.832090e-23   96
  1.607190e-01   1.264216e-21   0.000000e+00   3.194840e-22   24
  1.619140e-01   8.274455e-22   2.809790e-09   1.011456e-22   48
  1.631002e-01   6.515068e-22   0.000000e+00   5.428031e-23   96
  1.642778e-01   9.273160e-22   0.000000e+00   1.456195e-22   48
  1.666081e-01   6.718102e-22   0.000000e+00   1.746868e-22   36
  1.677611e-01   4.321383e-22   3.441276e-09   6.330296e-23   48
  1.689063e-01   4.786247e-22   3.893359e-09   3.532207e-23   120
  1.700437e-01   6.394181e-22   0.000000e+00   1.412718e-22   56
  1.711736e-01   5.374765e-22   1.986821e-09   1.082415e-22   24
  1.722960e-01   6.764943e-22   0.000000e+00   6.733258e-23   96
  1.734112e-01   6.586225e-22   0.000000e+00   1.004491e-22   48
  1.756204e-01   3.833289e-22   0.000000e+00   5.214467e-23   24
  1.767146e-01   5.573831e-22   0.000000e+00   5.480100e-23   102
  1.778021e-01   5.197722e-22   0.000000e+00   6.510925e-23   48
  1.788829e-01   6.204055e-22   0.000000e+00   7.435359e-23   72
  1.799573e-01   5.004793e-22   0.000000e+00   9.353221e-23   48
  1.810253e-01   5.250920e-22   0.000000e+00   6.337670e-23   48
  1.820871e-01   6.149737e-22   4.495664e-09   4.889880e-23   120
  1.841922e-01   6.967553e-22   2.809790e-09   1.348749e-22   24
  1.852358e-01   3.746250e-22   2.649095e-09   2.968978e-23   144
  1.862735e-01   3.182467e-22   3.178914e-09   2.749521e-23   120
  1.873055e-01   3.398292e-22   2.809790e-09   3.999843e-23   48
  1.893526e-01   3.628511e-22   2.809790e-09   3.400810e-23   48
  1.903679e-01   4.568413e-22   2.809790e-09   3.339941e-23   96
  1.930487e-01   4.216085e-22   4.711199e-04   4.488669e-23   72
  1.943761e-01   3.763212e-22   3.532127e-09   3.812215e-23   108
  1.953653e-01   3.182799e-22   0.000000e+00   2.860262e-23   72
  1.963495e-01   3.121984e-22   0.000000e+00   5.293262e-23   30
  1.973288e-01   2.907360e-22   0.000000e+00   2.136175e-23   168
  1.983033e-01   3.827898e-22   0.000000e+00   5.326181e-23   48
  2.002380e-01   2.844799e-22   0.000000e+00   2.576916e-23   72
  2.011984e-01   2.879861e-22   0.000000e+00   2.923594e-23   96
  2.021542e-01   3.096758e-22   5.298191e-09   3.603646e-23   72
  2.031055e-01   3.554611e-22   0.000000e+00   3.195035e-23   72
  2.047049e-01   3.089391e-22   4.350048e-04   2.947891e-23   104
  2.059331e-01   2.491306e-22   3.746387e-09   1.909765e-23   144
  2.087224e-01   1.934498e-22   6.282881e-09   1.947608e-23   96
  2.096439e-01   1.903511e-22   0.000000e+00   1.715629e-23   96
  2.111095e-01   2.692123e-22   4.475232e-04   2.257024e-23   120
  2.123845e-01   1.916895e-22   0.000000e+00   1.615490e-23   120
  2.132902e-01   1.762253e-22   0.000000e+00   2.102049e-23   72
  2.150901e-01   1.705430e-22   0.000000e+00   2.691456e-23   48
  2.159845e-01   2.523522e-22   4.235416e-09   2.507029e-23   78
  2.171286e-01   1.981966e-22   4.007142e-04   1.587009e-23   168
  2.195255e-01   1.956884e-22   3.746387e-09   1.951101e-23   144
  2.204018e-01   1.784666e-22   3.746387e-09   1.610839e-23   144
  2.229436e-01   2.075458e-22   2.307791e-04   1.471777e-23   156
  2.238729e-01   1.591406e-22   4.866699e-09   2.398323e-23   48
  2.247323e-01   1.820420e-22   3.178914e-09   1.729984e-23   120
  2.255884e-01   2.063146e-22   0.000000e+00   4.277933e-23   48
  2.271022e-01   1.692076e-22   3.532495e-04   1.047587e-23   216
  2.289809e-01   1.181293e-22   0.000000e+00   1.910986e-23   48
  2.298212e-01   1.732030e-22   2.809790e-09   1.686362e-23   96
  2.310160e-01   1.512848e-22   4.128272e-04   1.062263e-23   168
  2.323239e-01   1.607970e-22   2.809790e-09   1.395595e-23   48
  2.331522e-01   1.183339e-22   0.000000e+00   9.786695e-24   96
  2.339775e-01   1.766762e-22   0.000000e+00   2.823807e-23   48
  2.356194e-01   1.314346e-22   3.178914e-09   1.893986e-23   30
  2.364362e-01   1.251573e-22   2.809790e-09   1.160860e-23   96
  2.374123e-01   1.307482e-22   3.244455e-04   7.149605e-24   240
  2.386674e-01   1.364113e-22   3.500299e-04   2.694405e-23   32
  2.396752e-01   1.076642e-22   0.000000e+00   9.743689e-24   168
  2.404781e-01   1.250166e-22   0.000000e+00   1.065551e-23   120
  2.420760e-01   1.008117e-22   5.923557e-09   9.622543e-24   72
  2.428710e-01   9.649266e-23   3.746387e-09   7.923114e-24   144
  2.436634e-01   8.773400e-23   0.000000e+00   1.078048e-23   96
  2.444532e-01   8.912881e-23   0.000000e+00   8.663335e-24   96
  2.460253e-01   9.238093e-23   4.588368e-09   1.051970e-23   72
  2.468075e-01   9.597928e-23   3.973643e-09   9.675950e-24   96
  2.483647e-01   1.377281e-22   0.000000e+00   2.515315e-23   24
  2.491396e-01   1.099712e-22   0.000000e+00   7.262863e-24   192
  2.500522e-01   9.598312e-23   2.970416e-04   7.505233e-24   132
  2.514501e-01   1.082785e-22   0.000000e+00   1.529424e-23   96
  2.522156e-01   1.186722e-22   0.000000e+00   1.000889e-23   96
  2.529787e-01   1.109103e-22   3.178914e-09   9.015389e-24   120
  2.544981e-01   1.188370e-22   0.000000e+00   1.858693e-23   48
  2.557435e-01   9.472162e-23   3.599905e-04   6.027716e-24   222
  2.567603e-01   1.197940e-22   0.000000e+00   8.388420e-24   120
  2.575100e-01   6.525352e-23   4.866699e-09   1.084529e-23   24
  2.586015e-01   8.744981e-23   3.715625e-04   4.476334e-24   312
  2.609797e-01   6.718830e-23   3.483547e-04   6.569016e-24   72
  2.619630e-01   7.812726e-23   2.809790e-09   7.308425e-24   96
  2.629726e-01   7.319490e-23   3.547511e-04   4.826861e-24   192
  2.641613e-01   7.991139e-23   4.495664e-09   5.783989e-24   120
  2.648900e-01   6.974050e-23   0.000000e+00   5.460168e-24   144
  2.663415e-01   9.929758e-23   0.000000e+00   1.479426e-23   48
  2.673732e-01   6.736814e-23   3.567146e-04   3.698990e-24   336
  2.685040e-01   7.820883e-23   0.000000e+00   7.060955e-24   48
  2.699360e-01   7.105036e-23   0.000000e+00   4.808960e-24   192
  2.706492e-01   4.799793e-23   0.000000e+00   6.533584e-24   48
  2.726764e-01   5.887389e-23   2.476067e-04   8.454742e-24   56
  2.736844e-01   6.896657e-23   3.180112e-04   3.599933e-24   336
  2.748894e-01   6.571137e-23   3.532127e-09   8.659160e-24   54
  2.759390e-01   5.943024e-23   3.492904e-04   3.859984e-24   240
  2.781181e-01   5.855151e-23   3.344484e-04   3.619173e-24   228
  2.790651e-01   6.455601e-23   3.746387e-09   8.205353e-24   72
  2.799844e-01   6.943946e-23   3.244231e-04   5.828208e-24   144
  2.811298e-01   5.856021e-23   0.000000e+00   6.378455e-24   96
  2.818146e-01   5.400687e-23   4.495664e-09   3.490717e-24   240
  2.831793e-01   6.786538e-23   3.973643e-09   1.123931e-23   24
  2.840530e-01   6.047827e-23   3.064151e-04   3.302037e-24   336
  2.852142e-01   5.629384e-23   0.000000e+00   5.966522e-24   72
  2.862741e-01   5.780646e-23   3.332831e-04   4.440813e-24   168
  2.872346e-01   6.659623e-23   0.000000e+00   7.508266e-24   72
  2.885737e-01   5.172664e-23   0.000000e+00   4.530794e-24   96
  2.896108e-01   4.375881e-23   3.307829e-04   3.195631e-24   216
  2.905708e-01   3.805433e-23   3.973643e-09   3.649886e-24   96
  2.918946e-01   4.167649e-23   0.000000e+00   2.898413e-24   192
  2.925542e-01   3.921735e-23   3.746387e-09   2.960752e-24   144
  2.938691e-01   5.125332e-23   0.000000e+00   6.605005e-24   48
  2.947794e-01   4.176945e-23   3.189136e-04   2.564976e-24   246
  2.960164e-01   4.649498e-23   2.940434e-04   3.249468e-24   168
  2.971308e-01   5.163535e-23   5.506041e-09   4.431700e-24   120
  2.977788e-01   3.614936e-23   0.000000e+00   2.459244e-24   240
  2.990707e-01   5.288065e-23   3.973643e-09   1.001033e-23   24
  3.001001e-01   4.003431e-23   3.147475e-04   2.306824e-24   360
  3.013820e-01   3.539462e-23   3.134082e-04   3.081458e-24   120
  3.022763e-01   3.486344e-23   0.000000e+00   2.978813e-24   144
  3.029133e-01   4.216650e-23   0.000000e+00   3.634368e-24   96
  3.048165e-01   2.959876e-23   0.000000e+00   1.886109e-24   144
  3.054482e-01   3.210245e-23   0.000000e+00   2.926030e-24   132
  3.063360e-01   3.085281e-23   3.093292e-04   1.998365e-24   176
  3.076248e-01   3.326978e-23   3.123602e-04   1.784273e-24   312
  3.092116e-01   3.234762e-23   0.000000e+00   3.288002e-24   96
  3.098343e-01   2.858054e-23   0.000000e+00   2.099575e-24   144
  3.107899e-01   3.390214e-23   3.092271e-04   1.737443e-24   312
  3.123131e-01   3.690643e-23   0.000000e+00   4.628300e-24   48
  3.129297e-01   3.909412e-23   3.973643e-09   3.006882e-24   192
  3.141593e-01   2.724406e-23   0.000000e+00   5.112545e-24   6
  3.149762e-01   2.760994e-23   2.884066e-04   1.699806e-24   288
  3.162994e-01   2.808719e-23   3.047203e-04   1.917669e-24   192
  3.172124e-01   2.766202e-23   7.064254e-09   1.883070e-24   216
  3.178195e-01   3.520400e-23   0.000000e+00   4.194654e-24   72
  3.193321e-01   3.129614e-23   3.018264e-04   2.201447e-24   192
  3.203366e-01   2.792247e-23   2.241224e-04   1.668295e-24   288
  3.214381e-01   4.357992e-23   0.000000e+00   4.210348e-24   24
  3.222890e-01   2.727537e-23   2.952626e-04   1.231474e-24   456
  3.238280e-01   2.460685e-23   0.000000e+00   3.047430e-24   48
  3.247789e-01   2.688436e-23   2.908218e-04   1.524117e-24   240
  3.258718e-01   2.342498e-23   2.939082e-04   1.518267e-24   216
  3.267908e-01   2.239539e-23   0.000000e+00   2.439647e-24   72
  3.273801e-01   2.582750e-23   1.015467e-08   2.144200e-24   168
  3.290441e-01   2.730213e-23   2.184577e-04   1.604671e-24   288
  3.299773e-01   2.583851e-23   2.890570e-04   1.780802e-24   168
  3.314762e-01   2.060572e-23   0.000000e+00   1.255303e-24   192
  3.320572e-01   2.280698e-23   3.746387e-09   1.625271e-24   144
  3.332162e-01   2.953602e-23   0.000000e+00   3.481551e-24   36
  3.341991e-01   2.447105e-23   2.639705e-04   1.146890e-24   342
  3.351389e-01   2.306283e-23   2.710657e-04   1.961985e-24   144
  3.363470e-01   2.238590e-23   2.842800e-04   1.186663e-24   384
  3.378125e-01   2.560768e-23   7.786718e-09   2.145536e-24   120
  3.385379e-01   2.058731e-23   2.534951e-04   1.224925e-24   264
  3.395201e-01   2.187836e-23   1.256576e-08   1.490786e-24   192
  3.404451e-01   2.292237e-23   2.731894e-04   2.086679e-24   152
  3.412191e-01   2.229917e-23   3.746387e-09   1.510240e-24   144
  3.428472e-01   2.048951e-23   1.768108e-04   1.126752e-24   216
  3.436008e-01   2.061384e-23   2.362665e-04   1.188406e-24   312
  3.449274e-01   2.138472e-23   2.738281e-04   1.392216e-24   240
  3.457090e-01   1.804132e-23   3.973643e-09   1.970419e-24   96
  3.471927e-01   1.755064e-23   2.617995e-04   1.558241e-24   144
  3.481071e-01   1.701373e-23   2.573258e-04   8.125067e-25   456
  3.495904e-01   2.011763e-23   0.000000e+00   1.506071e-24   120
  3.501414e-01   1.766420e-23   0.000000e+00   1.352407e-24   144
  3.512407e-01   9.065434e-24   0.000000e+00   1.952014e-24   24
  3.519456e-01   1.657081e-23   2.473498e-04   8.439285e-25   336
  3.531645e-01   1.860474e-23   2.727931e-04   1.403991e-24   198
  3.543067e-01   1.495079e-23   2.652756e-04   7.509186e-25   432
  3.556041e-01   1.414698e-23   0.000000e+00   1.848839e-24   48
  3.562810e-01   1.545040e-23   2.341925e-04   7.967095e-25   384
  3.574963e-01   1.571387e-23   2.696052e-04   1.309322e-24   144
  3.585975e-01   1.343010e-23   2.676825e-04   8.714623e-25   264
  3.599147e-01   1.431161e-23   3.973643e-09   2.503673e-24   48
  3.607984e-01   1.429322e-23   2.545223e-04   8.713641e-25   276
  3.616510e-01   1.508804e-23   2.307176e-04   9.071060e-25   192
  3.627906e-01   1.286922e-23   2.592759e-04   5.737580e-25   552
  3.641741e-01   1.099268e-23   4.495664e-09   9.829226e-25   120
  3.649965e-01   1.062818e-23   2.624511e-04   7.482154e-25   216
  3.657587e-01   1.509622e-23   6.357829e-09   1.168426e-24   120
  3.671201e-01   1.407974e-23   2.584500e-04   7.987963e-25   408
  3.683844e-01   1.305546e-23   5.619580e-09   1.738826e-24   24
  3.691684e-01   1.412139e-23   2.610810e-04   7.557068e-25   384
  3.702633e-01   1.143522e-23   2.550855e-04   6.000441e-25   240
  3.712141e-01   1.329247e-23   2.569535e-04   1.111556e-24   168
  3.725471e-01   1.009689e-23   0.000000e+00   1.309670e-24   120
  3.734064e-01   1.214030e-23   2.678605e-04   6.337117e-25   350
  3.748037e-01   1.404839e-23   4.409502e-04   7.301213e-25   384
  3.756388e-01   1.116303e-23   0.000000e+00   9.322844e-25   144
  3.771752e-01   1.136984e-23   0.000000e+00   6.865922e-25   288
  3.779773e-01   1.003089e-23   2.524053e-04   5.200204e-25   336
  3.790686e-01   1.247941e-23   2.297941e-04   9.938260e-25   168
  3.797219e-01   1.119728e-23   1.015467e-08   5.164060e-25   336
  3.810732e-01   1.011747e-23   2.385126e-04   6.004573e-25   288
  3.818848e-01   1.170657e-23   2.247398e-04   6.822067e-25   264
  3.832590e-01   1.062866e-23   0.000000e+00   7.377320e-25   240
  3.837616e-01   1.143012e-23   5.619580e-09   1.017012e-24   96
  3.855656e-01   1.059424e-23   3.056310e-04   5.263743e-25   360
  3.864075e-01   9.641034e-24   2.253025e-04   7.232994e-25   168
  3.874713e-01   9.610161e-24   2.456032e-04   4.433032e-25   456
  3.887523e-01   8.062218e-24   4.995182e-09   9.324505e-25   108
  3.894728e-01   8.284813e-24   2.464311e-04   4.910068e-25   264
  3.903716e-01   9.273965e-24   2.198567e-04   5.569047e-25   264
  3.916025e-01   9.103102e-24   2.074668e-04   5.794942e-25   312
  3.931351e-01   8.454163e-24   1.541705e-04   5.218919e-25   270
  3.937775e-01   1.044151e-23   1.957388e-04   7.043308e-25   240
  3.949323e-01   8.029184e-24   2.421536e-04   3.934683e-25   384
  3.956334e-01   8.924513e-24   5.619580e-09   6.749241e-25   192
  3.969952e-01   8.661462e-24   1.942960e-04   5.877557e-25   240
  3.977852e-01   8.421796e-24   2.397927e-04   4.593980e-25   336
  3.992708e-01   9.339359e-24   2.413972e-04   4.257739e-25   480
  4.004761e-01   7.347157e-24   9.176735e-09   6.810771e-25   72
  4.011493e-01   7.797886e-24   2.353842e-04   4.549801e-25   240
  4.020650e-01   8.814522e-24   2.212289e-04   4.736457e-25   312
  4.031147e-01   8.469430e-24   2.390954e-04   5.992078e-25   240
  4.047009e-01   7.691927e-24   1.816506e-04   3.520125e-25   408
  4.053288e-01   6.634445e-24   1.663482e-04   3.525860e-25   336
  4.065560e-01   7.818107e-24   2.112212e-04   4.865555e-25   264
  4.071591e-01   6.824507e-24   0.000000e+00   4.591986e-25   144
  4.088370e-01   6.858253e-24   2.927651e-04   3.051392e-25   464
  4.097211e-01   7.781322e-24   2.328083e-04   6.324488e-25   168
  4.105939e-01   7.118676e-24   2.120376e-04   4.296302e-25   336
  4.121713e-01   7.435455e-24   2.227870e-04   3.819526e-25   414
  4.130606e-01   8.182529e-24   2.319080e-04   5.426556e-25   216
  4.141998e-01   7.931344e-24   5.619580e-09   7.920468e-25   96
  4.146649e-01   6.743533e-24   1.256576e-08   3.388672e-25   384
  4.162944e-01   6.616951e-24   2.314600e-04   2.899428e-25   492
  4.171676e-01   6.902636e-24   2.263480e-04   4.559602e-25   240
  4.181546e-01   6.812297e-24   2.298225e-04   4.422692e-25   312
  4.195176e-01   6.056636e-24   2.297469e-04   4.473727e-25   192
  4.203810e-01   6.555273e-24   2.226525e-04   2.592269e-25   504
  4.215265e-01   6.499722e-24   1.473998e-04   3.716006e-25   408
  4.224284e-01   5.875231e-24   4.515774e-04   4.116705e-25   168
  4.235571e-01   6.066713e-24   2.145032e-04   3.276007e-25   288
  4.245041e-01   6.119754e-24   2.238525e-04   3.615915e-25   288
  4.254743e-01   5.780622e-24   2.251410e-04   2.872887e-25   432
  4.268815e-01   5.492407e-24   2.129084e-04   4.457936e-25   216
  4.276334e-01   5.627404e-24   2.124592e-04   3.169559e-25   360
  4.289721e-01   6.271947e-24   2.073582e-04   3.699889e-25   312
  4.301803e-01   3.763635e-24   0.000000e+00   3.978216e-25   48
  4.308767e-01   5.289484e-24   2.223178e-04   2.556776e-25   432
  4.321240e-01   5.262280e-24   3.708284e-04   2.376841e-25   414
  4.328606e-01   5.640829e-24   0.000000e+00   3.203234e-25   312
  4.342347e-01   5.276606e-24   3.253813e-04   2.107293e-25   528
  4.351620e-01   4.990510e-24   1.707976e-04   3.487790e-25   264
  4.362761e-01   5.473778e-24   2.025191e-04   2.542305e-25   480
  4.377318e-01   5.116053e-24   0.000000e+00   3.003169e-25   288
  4.383604e-01   3.830522e-24   2.176005e-04   2.416031e-25   168
  4.395105e-01   4.771350e-24   3.444610e-04   1.888572e-25   504
  4.408036e-01   5.985904e-24   5.298191e-09   5.236576e-25   144
  4.416171e-01   4.448979e-24   2.212265e-04   2.016871e-25   464
  4.428396e-01   4.901327e-24   3.246624e-04   2.394757e-25   432
  4.434197e-01   4.697536e-24   0.000000e+00   3.212808e-25   192
  4.449189e-01   3.842513e-24   2.406833e-04   1.808465e-25   396
  4.458042e-01   4.293624e-24   2.162000e-04   2.275152e-25   288
  4.466990e-01   3.928097e-24   2.135686e-04   1.848266e-25   336
  4.481283e-01   3.823199e-24   1.352359e-04   2.407676e-25   432
  4.490354e-01   4.161432e-24   3.505126e-04   2.319067e-25   360
  4.500539e-01   4.223156e-24   2.073334e-04   1.903120e-25   384
  4.515004e-01   4.832565e-24   1.830116e-04   3.772070e-25   198
  4.521974e-01   4.118106e-24   2.080246e-04   1.534319e-25   552
  4.534970e-01   3.855368e-24   2.912202e-04   1.680875e-25   432
  4.545821e-01   4.178494e-24   6.422377e-09   3.505635e-25   168
  4.554927e-01   3.598039e-24   3.610065e-04   1.589177e-25   480
  4.566974e-01   5.216837e-24   6.357829e-09   4.299945e-25   120
  4.572396e-01   4.035476e-24   2.948545e-04   2.271511e-25   336
  4.585628e-01   3.798260e-24   2.080152e-04   1.468103e-25   672
  4.598711e-01   3.580519e-24   3.025866e-04   1.649280e-25   528
  4.604805e-01   4.160709e-24   0.000000e+00   3.040311e-25   168
  4.618883e-01   3.507618e-24   3.375333e-04   1.755843e-25   456
  4.627474e-01   3.720723e-24   2.061344e-04   3.219556e-25   168
  4.636392e-01   3.839970e-24   2.057643e-04   1.771375e-25   504
  4.651216e-01   3.186629e-24   2.647872e-04   1.729282e-25   336
  4.660180e-01   3.299343e-24   1.908802e-04   1.805653e-25   312
  4.670124e-01   3.113489e-24   1.865029e-04   1.397298e-25   504
  4.683210e-01   2.954864e-24   1.294009e-04   1.422681e-25   432
  4.689362e-01   3.348856e-24   1.999672e-04   1.735763e-25   312
  4.702151e-01   3.322650e-24   2.049761e-04   1.759799e-25   384
  4.715504e-01   2.936830e-24   1.741510e-04   2.431242e-25   126
  4.723748e-01   3.008300e-24   3.057676e-04   1.436108e-25   492
  4.734278e-01   3.110340e-24   1.958445e-04   1.314450e-25   528
  4.747438e-01   2.939405e-24   1.989360e-04   1.439850e-25   480
  4.755596e-01   3.171449e-24   2.748289e-04   1.433138e-25   432
  4.767402e-01   2.947453e-24   2.161166e-04   1.541674e-25   440
  4.781114e-01   3.244683e-24   1.074739e-04   1.797172e-25   312
  4.786259e-01   2.893483e-24   1.610586e-04   1.481200e-25   480
  4.796813e-01   2.781165e-24   3.153497e-04   1.705121e-25   408
  4.812233e-01   3.101750e-24   1.888588e-04   1.578524e-25   360
  4.818747e-01   2.757507e-24   1.822418e-04   1.290827e-25   408
  4.830820e-01   2.608323e-24   1.854542e-04   1.280787e-25   456
  4.844414e-01   3.041729e-24   1.772485e-04   1.758337e-25   264
  4.851959e-01   2.529209e-24   1.923591e-04   1.309539e-25   384
  4.862943e-01   2.546274e-24   3.238501e-04   9.613312e-26   672
  4.875640e-01   2.706368e-24   1.937042e-04   1.573434e-25   240
  4.882967e-01   2.501927e-24   1.965613e-04   1.415871e-25   264
  4.893308e-01   2.470255e-24   2.424259e-04   9.610623e-26   624
  4.908739e-01   1.965624e-24   0.000000e+00   1.586552e-25   150
  4.914232e-01   2.490173e-24   2.716574e-04   1.054000e-25   600
  4.925819e-01   2.625777e-24   1.874909e-04   9.929609e-26   672
  4.938939e-01   2.617302e-24   1.763484e-04   1.393987e-25   336
  4.946248e-01   2.109480e-24   1.918157e-04   1.094858e-25   408
  4.957926e-01   2.765457e-24   1.913639e-04   1.424982e-25   408
  4.970915e-01   2.535241e-24   9.676385e-05   1.350163e-25   360
  4.978921e-01   2.330614e-24   3.552857e-04   1.127299e-25   456
  4.988592e-01   2.319151e-24   1.932065e-04   1.281578e-25   384
  5.000902e-01   1.832254e-24   1.783541e-04   9.454744e-26   348
  5.007554e-01   2.194864e-24   2.198754e-04   8.930351e-26   576
  5.020050e-01   2.206790e-24   1.810385e-04   9.829180e-26   504
  5.032833e-01   2.220518e-24   2.553443e-04   1.161494e-25   432
  5.043991e-01   2.124971e-24   3.473946e-04   9.118868e-26   576
  5.051948e-01   1.926292e-24   8.173934e-09   1.199484e-25   264
  5.064571e-01   2.045850e-24   2.764393e-04   7.741151e-26   768
  5.075549e-01   1.791935e-24   3.721752e-04   1.245682e-25   240
  5.084277e-01   1.857254e-24   3.282233e-04   1.300335e-25   192
  5.096990e-01   1.975234e-24   2.416124e-04   9.140257e-26   504
  5.106418e-01   1.808684e-24   3.255818e-04   7.970176e-26   590
  5.115460e-01   1.754927e-24   3.647966e-04   8.247756e-26   384
  5.126798e-01   1.657242e-24   3.048625e-04   7.383476e-26   504
  5.140486e-01   1.757940e-24   2.933830e-04   7.618204e-26   648
  5.153764e-01   1.647747e-24   7.967896e-05   7.077804e-26   504
  5.159117e-01   1.592397e-24   1.817627e-04   8.791655e-26   312
  5.168569e-01   1.745118e-24   2.618753e-04   7.125887e-26   576
  5.181545e-01   1.989825e-24   1.822405e-04   1.303483e-25   240
  5.189109e-01   1.796166e-24   1.841453e-04   7.760903e-26   552
  5.199816e-01   1.814104e-24   1.729082e-04   7.142642e-26   600
  5.215067e-01   1.700338e-24   2.111937e-04   7.192071e-26   600
  5.224237e-01   1.788857e-24   3.382099e-04   9.541810e-26   312
  5.233368e-01   1.741000e-24   2.945474e-04   8.183975e-26   480
  5.244775e-01   1.632477e-24   1.837693e-04   7.427393e-26   576
  5.254818e-01   1.299139e-24   2.959085e-04   6.748266e-26   408
  5.263729e-01   1.283440e-24   3.451909e-04   1.011497e-25   216
  5.275243e-01   1.484606e-24   2.643774e-04   6.287937e-26   516
  5.287578e-01   1.609487e-24   2.522429e-04   6.554890e-26   744
  5.300304e-01   1.508121e-24   1.684760e-04   7.133351e-26   462
  5.307494e-01   1.337361e-24   1.712315e-04   6.812942e-26   432
  5.318647e-01   1.510660e-24   1.588547e-04   5.655655e-26   648
  5.331761e-01   1.321674e-24   2.324340e-04   5.598931e-26   528
  5.342295e-01   1.606483e-24   2.799086e-04   6.675948e-26   600
  5.352820e-01   1.455380e-24   3.528915e-04   9.741463e-26   240
  5.363014e-01   1.473390e-24   2.703115e-04   5.474262e-26   720
  5.374863e-01   1.289317e-24   2.138653e-04   5.340154e-26   720
  5.387997e-01   1.029590e-24   0.000000e+00   6.629402e-26   144
  5.394909e-01   1.382155e-24   2.757364e-04   4.822684e-26   720
  5.404742e-01   1.417796e-24   1.653370e-04   7.291132e-26   384
  5.417051e-01   1.386456e-24   1.832848e-04   5.882005e-26   672
  5.428730e-01   1.329154e-24   3.209115e-04   7.591016e-26   336
  5.434308e-01   1.060884e-24   7.492773e-09   5.825310e-26   288
  5.447967e-01   1.316981e-24   2.539800e-04   4.667352e-26   776
  5.460612e-01   1.388985e-24   2.173184e-04   4.769822e-26   720
  5.471231e-01   1.259531e-24   1.750659e-04   5.959628e-26   432
  5.479725e-01   1.454528e-24   2.495786e-04   6.012180e-26   504
  5.489174e-01   1.428799e-24   1.748652e-04   5.952995e-26   528
  5.502396e-01   1.169876e-24   2.382437e-04   6.058311e-26   438
  5.513273e-01   1.150529e-24   2.772938e-04   5.108004e-26   624
  5.521470e-01   1.230801e-24   3.396475e-04   6.732715e-26   312
  5.532738e-01   1.277073e-24   1.829935e-04   4.862476e-26   696
  5.544390e-01   9.977476e-25   1.655760e-04   4.414943e-26   552
  5.556509e-01   1.173003e-24   1.281006e-04   5.916826e-26   516
  5.564006e-01   1.124013e-24   2.558713e-04   5.135282e-26   528
  5.573133e-01   1.069779e-24   1.664001e-04   4.578790e-26   528
  5.586097e-01   9.809136e-25   2.194479e-04   3.366502e-26   864
  5.594897e-01   9.994003e-25   3.005985e-04   5.715198e-26   408
  5.603706e-01   1.256396e-24   2.978186e-04   8.903805e-26   192
  5.616191e-01   1.059356e-24   2.464592e-04   4.754379e-26   720
  5.626731e-01   1.121938e-24   2.272475e-04   4.547554e-26   696
  5.639255e-01   1.029285e-24   2.454294e-04   4.226606e-26   720
  5.650713e-01   1.208558e-24   3.326501e-04   6.025023e-26   432
  5.657395e-01   1.035579e-24   1.958109e-04   7.086192e-26   264
  5.669418e-01   9.906026e-25   2.704061e-04   3.843914e-26   672
  5.680171e-01   8.759091e-25   2.768544e-04   3.420658e-26   600
  5.692933e-01   7.775807e-25   1.620980e-04   4.843602e-26   270
  5.699366e-01   8.349040e-25   2.440026e-04   3.820966e-26   528
  5.709591e-01   9.162022e-25   1.670843e-04   3.232021e-26   840
  5.723613e-01   9.286195e-25   3.194952e-04   3.190755e-26   888
  5.736568e-01   9.098921e-25   2.380474e-04   3.324278e-26   744
  5.747517e-01   7.813403e-25   1.223216e-04   3.905723e-26   456
  5.752963e-01   1.075822e-24   1.671601e-04   6.176018e-26   360
  5.762282e-01   8.826211e-25   1.448348e-04   4.794746e-26   384
  5.776580e-01   9.621996e-25   2.323137e-04   3.358003e-26   816
  5.787308e-01   8.583234e-25   3.370546e-04   2.890999e-26   824
  5.800348e-01   9.373704e-25   1.566791e-04   4.637906e-26   360
  5.807331e-01   8.344251e-25   2.311994e-04   3.694438e-26   624
  5.816941e-01   9.957149e-25   1.562320e-04   6.080765e-26   360
  5.829744e-01   8.293776e-25   2.125215e-04   2.744663e-26   876
  5.841306e-01   8.713876e-25   2.524119e-04   3.506374e-26   696
  5.852967e-01   7.958396e-25   1.629911e-04   4.253061e-26   336
  5.859080e-01   7.641482e-25   1.628079e-04   3.457593e-26   504
  5.869176e-01   8.500034e-25   1.642187e-04   3.369788e-26   672
  5.884155e-01   8.179296e-25   3.269213e-04   3.107673e-26   720
  5.894543e-01   7.541338e-25   2.469541e-04   2.962438e-26   774
  5.906010e-01   6.654976e-25   1.413501e-04   3.380144e-26   384
  5.912015e-01   8.387744e-25   2.720183e-04   3.802286e-26   528
  5.921335e-01   7.663205e-25   2.592486e-04   3.035334e-26   744
  5.936327e-01   8.430342e-25   2.138251e-04   3.385560e-26   768
  5.946281e-01   6.517135e-25   2.400348e-04   2.730160e-26   552
  5.958700e-01   6.906114e-25   2.616108e-04   2.905124e-26   696
  5.967938e-01   7.525662e-25   3.179026e-04   4.278328e-26   408
  5.975272e-01   7.208847e-25   1.373364e-04   3.033294e-26   504
  5.986899e-01   7.176961e-25   2.467198e-04   2.653953e-26   888
  5.998339e-01   7.091403e-25   2.564132e-04   2.828082e-26   648
  6.010230e-01   7.230557e-25   2.542153e-04   3.050530e-26   648
  6.021418e-01   6.331450e-25   2.741064e-04   2.283590e-26   792
  6.033268e-01   5.879455e-25   4.010364e-04   2.686225e-26   600
  6.042000e-01   5.682405e-25   2.717856e-04   2.419133e-26   456
  6.051191e-01   6.889980e-25   1.324567e-04   2.829371e-26   648
  6.062996e-01   6.698186e-25   2.583099e-04   2.182190e-26   936
  6.075741e-01   7.621212e-25   1.586356e-04   4.330380e-26   384
  6.086836e-01   5.934269e-25   0.000000e+00   4.002152e-26   198
  6.095398e-01   5.918714e-25   4.024720e-04   1.847739e-26   1224
  6.104634e-01   6.632781e-25   2.931235e-04   3.423817e-26   420
  6.115558e-01   5.416081e-25   2.836822e-04   2.049640e-26   792
  6.126238e-01   5.769780e-25   2.345810e-04   2.208996e-26   680
  6.138428e-01   5.540405e-25   2.154033e-04   2.496596e-26   600
  6.148235e-01   5.545218e-25   3.123938e-04   1.853757e-26   840
  6.161330e-01   6.061030e-25   1.474979e-04   3.319430e-26   432
  6.166334e-01   5.611073e-25   1.382249e-04   2.145799e-26   720
  6.177213e-01   5.766985e-25   2.768404e-04   1.976423e-26   960
  6.190745e-01   5.264531e-25   2.467829e-04   2.440585e-26   528
  6.200634e-01   5.092055e-25   2.522592e-04   2.113918e-26   624
  6.212404e-01   5.669729e-25   1.982740e-04   2.097288e-26   816
  6.224086e-01   4.793350e-25   3.260658e-04   1.916698e-26   696
  6.236996e-01   5.594446e-25   8.991328e-09   3.747769e-26   240
  6.241851e-01   5.602436e-25   1.922888e-04   2.415790e-26   672
  6.252686e-01   4.803139e-25   3.436476e-04   1.933792e-26   864
  6.264840e-01   4.417287e-25   2.636938e-04   1.708602e-26   816
  6.275795e-01   4.491938e-25   1.509292e-04   2.033192e-26   648
  6.287594e-01   4.924205e-25   1.542771e-04   1.674675e-26   843
  6.297611e-01   4.061904e-25   2.775825e-04   1.547753e-26   780
  6.309548e-01   3.907672e-25   1.489456e-04   2.625711e-26   216
  6.316911e-01   4.513161e-25   3.591661e-04   1.465530e-26   1056
  6.328235e-01   4.235367e-25   2.938382e-04   2.415468e-26   228
  6.338720e-01   4.808077e-25   3.658358e-04   1.723562e-26   924
  6.349484e-01   5.021711e-25   1.357046e-04   1.855081e-26   696
  6.360882e-01   3.817107e-25   2.415153e-04   1.261339e-26   996
  6.372543e-01   3.951119e-25   1.425858e-04   1.764871e-26   576
  6.384675e-01   4.417221e-25   2.200718e-04   2.498737e-26   552
  6.393519e-01   4.737535e-25   2.627580e-04   2.484547e-26   516
  6.402494e-01   4.066122e-25   3.821047e-04   1.461398e-26   744
  6.412749e-01   3.707264e-25   1.874451e-04   1.718885e-26   576
  6.421669e-01   3.613568e-25   1.929285e-04   1.482346e-26   792
  6.434346e-01   3.800901e-25   2.205530e-04   1.378001e-26   792
  6.443636e-01   3.670084e-25   2.378641e-04   1.513505e-26   720
  6.456200e-01   3.386870e-25   2.711104e-04   1.230771e-26   656
  6.467974e-01   3.685592e-25   2.960385e-04   1.433956e-26   816
  6.480043e-01   3.429447e-25   1.596190e-04   1.612288e-26   492
  6.486903e-01   3.792693e-25   2.296231e-04   1.647838e-26   552
  6.499778e-01   3.150949e-25   3.992867e-04   1.399809e-26   780
  6.508139e-01   3.483840e-25   2.452771e-04   1.811601e-26   528
  6.517148e-01   3.208493e-25   2.863130e-04   1.390176e-26   600
  6.530425e-01   3.732674e-25   2.379487e-04   1.325786e-26   900
  6.539577e-01   3.307280e-25   1.317325e-04   1.638743e-26   696
  6.552168e-01   2.958913e-25   3.330907e-04   1.253474e-26   696
  6.564349e-01   2.905157e-25   1.351317e-04   1.128576e-26   552
  6.574592e-01   2.602979e-25   1.571457e-04   1.126936e-26   708
  6.585322e-01   3.029894e-25   2.594565e-04   1.122728e-26   876
  6.596487e-01   3.493712e-25   1.377663e-04   3.406376e-26   216
  6.603980e-01   2.973584e-25   3.768094e-04   1.000436e-26   1032
  6.615201e-01   2.695094e-25   4.195357e-04   1.166761e-26   600
  6.626848e-01   2.354793e-25   2.001869e-04   9.444273e-27   600
  6.635732e-01   2.865839e-25   3.535112e-04   1.433378e-26   528
  6.646233e-01   2.723944e-25   1.940622e-04   1.117045e-26   732
  6.657296e-01   2.859234e-25   1.432973e-04   1.660406e-26   336
  6.670031e-01   2.581649e-25   2.042271e-04   9.877991e-27   912
  6.679548e-01   2.138485e-25   2.049821e-04   8.632417e-27   624
  6.689946e-01   2.536689e-25   1.727341e-04   1.082923e-26   768
  6.702082e-01   2.733970e-25   3.116463e-04   1.052392e-26   792
  6.713995e-01   2.308499e-25   1.545014e-04   1.026511e-26   660
  6.722471e-01   2.204445e-25   2.276826e-04   1.209853e-26   504
  6.731238e-01   2.205977e-25   3.719898e-04   1.150855e-26   480
  6.744376e-01   1.738982e-25   3.440421e-04   6.522780e-27   912
  6.754664e-01   2.618309e-25   3.831443e-04   1.536640e-26   432
  6.764380e-01   2.322412e-25   2.275021e-04   1.251075e-26   564
  6.773006e-01   2.192692e-25   2.177508e-04   9.755553e-27   600
  6.785149e-01   2.467254e-25   3.035240e-04   9.344048e-27   876
  6.794272e-01   2.284314e-25   1.364735e-04   1.476526e-26   264
  6.806846e-01   2.031291e-25   2.648123e-04   8.875870e-27   560
  6.816953e-01   1.911024e-25   1.799457e-04   6.609608e-27   840
  6.829222e-01   1.813756e-25   2.774244e-04   6.917469e-27   1008
  6.840568e-01   1.875264e-25   1.241010e-04   8.896702e-27   456
  6.850930e-01   2.261526e-25   1.607553e-04   1.076715e-26   576
  6.860509e-01   2.003690e-25   2.470177e-04   9.116664e-27   612
  6.873140e-01   1.940809e-25   2.206269e-04   8.413769e-27   780
  6.883444e-01   1.939280e-25   2.528284e-04   8.443822e-27   648
  6.893992e-01   2.298399e-25   1.178213e-04   1.643433e-26   312
  6.900734e-01   1.641999e-25   2.993645e-04   6.849709e-27   528
  6.912414e-01   1.576919e-25   3.909551e-04   6.392475e-27   720
  6.923583e-01   1.835048e-25   3.921794e-04   1.029792e-26   576
  6.937124e-01   1.746313e-25   3.383053e-04   8.953502e-27   444
  6.945549e-01   1.781459e-25   3.317685e-04   6.101462e-27   996
  6.955874e-01   1.430304e-25   2.771265e-04   8.001011e-27   432
  6.965633e-01   1.739287e-25   3.033990e-04   9.471724e-27   504
  6.974062e-01   1.448490e-25   1.367883e-04   6.886494e-27   504
  6.986065e-01   1.854761e-25   2.692009e-04   8.069131e-27   876
  6.996926e-01   1.473266e-25   3.098246e-04   7.226880e-27   504
  7.008236e-01   1.424790e-25   1.975899e-04   6.696761e-27   696
  7.017583e-01   1.710239e-25   1.689187e-04   8.150017e-27   492
  7.030300e-01   1.357662e-25   2.418152e-04   7.355901e-27   432
  7.039719e-01   1.617106e-25   2.264335e-04   6.552887e-27   768
  7.050885e-01   1.409437e-25   2.820533e-04   7.147683e-27   648
  7.061547e-01   1.305623e-25   1.840095e-04   6.764868e-27   456
  7.073798e-01   1.375876e-25   2.530430e-04   6.535109e-27   552
  7.082306e-01   1.278297e-25   1.734358e-04   6.075934e-27   648
  7.094016e-01   1.163570e-25   2.826907e-04   3.960106e-27   840
  7.105454e-01   1.451830e-25   1.348092e-04   7.283928e-27   432
  7.116906e-01   1.298366e-25   1.651183e-04   6.702534e-27   600
  7.124870e-01   1.307882e-25   1.759227e-04   7.505272e-27   432
  7.138248e-01   1.281586e-25   1.751482e-04   5.639162e-27   560
  7.147308e-01   1.171713e-25   2.772412e-04   4.651526e-27   840
  7.158652e-01   1.446803e-25   1.642140e-04   8.379649e-27   504
  7.167662e-01   1.113685e-25   3.351509e-04   4.823392e-27   696
  7.180362e-01   1.400721e-25   1.830475e-04   7.681202e-27   384
  7.190254e-01   9.884151e-26   2.681431e-04   4.729158e-27   576
  7.202219e-01   1.094729e-25   1.654845e-04   7.273558e-27   360
  7.211864e-01   1.066516e-25   2.464465e-04   4.542208e-27   828
  7.222268e-01   1.039961e-25   2.195064e-04   5.446239e-27   372
  7.231800e-01   1.075730e-25   3.352284e-04   4.751616e-27   576
  7.244428e-01   1.104520e-25   1.403933e-04   4.590510e-27   636
  7.253425e-01   1.014328e-25   2.706420e-04   4.327128e-27   648
  7.265596e-01   9.810668e-26   2.200024e-04   4.231754e-27   576
  7.274333e-01   9.792644e-26   3.548870e-04   4.766603e-27   528
  7.285953e-01   9.354798e-26   1.517289e-04   5.485692e-27   360
  7.295571e-01   9.019460e-26   3.490332e-04   3.619540e-27   672
  7.308130e-01   9.943487e-26   1.787806e-04   3.952528e-27   804
  7.318582e-01   1.016889e-25   1.972163e-04   5.375716e-27   408
  7.330145e-01   9.917341e-26   1.219011e-04   5.130010e-27   384
  7.337931e-01   7.909889e-26   2.789567e-04   4.529142e-27   480
  7.348913e-01   9.000136e-26   1.802469e-04   4.950706e-27   432
  7.359446e-01   9.971632e-26   3.321566e-04   4.213221e-27   648
  7.371913e-01   8.774299e-26   2.061016e-04   3.882965e-27   624
  7.381033e-01   9.469866e-26   1.874668e-04   5.328330e-27   456
  7.393486e-01   7.778578e-26   2.560963e-04   4.169342e-27   588
  7.401831e-01   7.499424e-26   1.633884e-04   3.568779e-27   600
  7.414016e-01   7.810644e-26   2.548458e-04   2.963958e-27   708
  7.423640e-01   7.322914e-26   1.605479e-04   3.842560e-27   360
  7.434275e-01   8.316133e-26   1.845541e-04   4.270529e-27   552
  7.444470e-01   7.654594e-26   1.294691e-04   5.715070e-27   288
  7.454820e-01   6.812087e-26   2.434372e-04   3.138661e-27   528
  7.464545e-01   7.438365e-26   1.642340e-04   3.483202e-27   456
  7.475410e-01   8.173547e-26   2.912225e-04   3.777055e-27   608
  7.486338e-01   6.396680e-26   1.408967e-04   2.779865e-27   504
  7.498278e-01   5.641903e-26   3.024972e-04   2.690268e-27   540
  7.507642e-01   7.394600e-26   3.247222e-04   4.090608e-27   360
  7.517735e-01   8.084756e-26   1.470509e-04   3.688359e-27   540
  7.526661e-01   6.722569e-26   1.262606e-04   3.063351e-27   576
  7.539642e-01   6.830487e-26   2.927555e-04   3.059920e-27   588
  7.551985e-01   6.947433e-26   4.039143e-04   3.028877e-27   672
  7.562588e-01   7.514017e-26   3.087151e-04   3.456490e-27   552
  7.571135e-01   5.308057e-26   3.088712e-04   4.019684e-27   144
  7.582042e-01   6.918851e-26   2.624178e-04   3.200107e-27   600
  7.592383e-01   5.539275e-26   3.288668e-04   2.621936e-27   504
  7.603860e-01   5.799994e-26   3.378126e-04   3.778649e-27   336
  7.615932e-01   6.406340e-26   3.797028e-04   2.791787e-27   600
  7.626744e-01   5.858295e-26   2.450478e-04   2.813722e-27   636
  7.638413e-01   6.186781e-26   1.970206e-04   4.398481e-27   384
  7.646595e-01   6.014304e-26   2.748205e-04   3.484607e-27   504
  7.658387e-01   4.905299e-26   1.153383e-04   2.941833e-27   240
  7.667694e-01   5.766295e-26   2.709461e-04   2.142955e-27   744
  7.678860e-01   5.341650e-26   1.850150e-04   2.383809e-27   648
  7.688783e-01   7.749803e-26   1.228185e-04   6.479219e-27   120
  7.700414e-01   4.926513e-26   1.929319e-04   1.880674e-27   564
  7.709202e-01   6.237303e-26   3.030111e-04   3.195005e-27   432
  7.720932e-01   5.172750e-26   2.351965e-04   2.950546e-27   480
  7.729764e-01   3.952505e-26   1.731106e-04   2.065708e-27   456
  7.740189e-01   5.144401e-26   2.864725e-04   2.908263e-27   444
  7.752020e-01   4.842063e-26   4.383180e-04   2.502571e-27   528
  7.762412e-01   5.391300e-26   3.255297e-04   4.191055e-27   264
  7.772498e-01   4.755275e-26   3.336195e-04   2.330592e-27   444
  7.786065e-01   4.872370e-26   3.654311e-04   1.885666e-27   696
  7.797327e-01   4.846330e-26   1.954448e-04   2.824009e-27   384
  7.805563e-01   4.347661e-26   2.469609e-04   1.963645e-27   432
  7.818373e-01   5.545682e-26   1.706384e-04   2.830671e-27   488
  7.826690e-01   5.187452e-26   2.571733e-04   2.375334e-27   480
  7.838749e-01   4.172405e-26   2.868014e-04   2.225675e-27   480
  7.848089e-01   4.114891e-26   1.203331e-04   2.361159e-27   240
  7.858692e-01   4.644891e-26   2.810886e-04   2.136264e-27   600
  7.868694e-01   3.813916e-26   2.449399e-04   2.252151e-27   288
  7.879343e-01   4.597197e-26   2.356143e-04   2.407254e-27   480
  7.890129e-01   3.800317e-26   4.191157e-04   1.944937e-27   504
  7.900748e-01   4.708121e-26   1.798267e-04   3.106381e-27   216
  7.914291e-01   4.226307e-26   2.944050e-04   2.295311e-27   504
  7.924838e-01   3.441762e-26   2.367912e-04   1.749866e-27   456
  7.936384e-01   4.907745e-26   1.358038e-04   2.695135e-27   384
  7.944031e-01   5.005646e-26   2.756326e-04   2.721787e-27   480
  7.954897e-01   3.372846e-26   2.420363e-04   1.719080e-27   504
  7.964966e-01   3.961694e-26   1.535327e-04   2.100695e-27   312
  7.975815e-01   4.007205e-26   2.474127e-04   2.121091e-27   492
  7.985417e-01   4.436704e-26   2.318919e-04   2.696588e-27   312
  7.997779e-01   3.655821e-26   3.766899e-04   1.538873e-27   576
  8.008661e-01   4.165793e-26   3.477153e-04   2.901483e-27   336
  8.017699e-01   2.761698e-26   2.677247e-04   1.819821e-27   240
  8.030228e-01   3.791658e-26   3.549351e-04   1.985489e-27   468
  8.041047e-01   3.362647e-26   2.222407e-04   2.752614e-27   192
  8.052370e-01   3.074893e-26   2.229031e-04   1.939753e-27   324
  8.060669e-01   3.409634e-26   1.617794e-04   1.473980e-27   600
  8.071978e-01   3.084232e-26   2.624704e-04   1.537458e-27   456
  8.080377e-01   3.327503e-26   1.180592e-04   2.043852e-27   336
  8.094297e-01   3.518283e-26   3.535027e-04   1.686760e-27   612
  8.104424e-01   2.839847e-26   2.966749e-04   3.699378e-27   144
  8.114002e-01   3.517160e-26   3.462957e-04   1.688883e-27   552
  8.127025e-01   2.266030e-26   1.363755e-04   1.306887e-27   264
  8.134384e-01   2.881505e-26   3.157441e-04   2.071279e-27   336
  8.145992e-01   2.907264e-26   2.086329e-04   1.436043e-27   384
  8.156059e-01   2.701490e-26   1.174397e-04   1.883406e-27   216
  8.167203e-01   2.420328e-26   2.489964e-04   1.376587e-27   344
  8.177364e-01   2.509035e-26   3.715143e-04   1.365100e-27   408
  8.189746e-01   2.623708e-26   2.854845e-04   2.025422e-27   264
  8.200718e-01   2.571883e-26   3.979796e-04   1.229513e-27   612
  8.211681e-01   3.388577e-26   2.048307e-04   2.012595e-27   408
  8.222956e-01   2.585250e-26   2.051251e-04   1.615342e-27   444
  8.231239e-01   4.006272e-26   1.147249e-04   3.387068e-27   120
  8.242338e-01   2.997685e-26   3.169640e-04   2.093536e-27   336
  8.250576e-01   2.375170e-26   1.101437e-04   1.359678e-27   288
  8.261708e-01   2.618286e-26   3.427692e-04   1.248998e-27   552
  8.277012e-01   2.922570e-26   1.835347e-08   3.491261e-27   72
  8.284882e-01   2.630551e-26   3.404572e-04   1.301240e-27   504
  8.294074e-01   1.636821e-26   1.095558e-04   1.013401e-27   216
  8.305983e-01   2.096219e-26   1.956043e-04   1.273454e-27   312
  8.316675e-01   1.783667e-26   2.227263e-04   1.104549e-27   336
  8.326865e-01   1.837836e-26   3.087236e-04   1.300286e-27   204
  8.337014e-01   3.094664e-26   3.587838e-04   2.025350e-27   504
  8.347777e-01   2.819228e-26   3.416652e-04   1.529046e-27   396
  8.358127e-01   2.258714e-26   3.133249e-04   1.575068e-27   312
  8.370674e-01   3.040650e-26   1.914750e-04   2.511631e-27   216
  8.379516e-01   2.153273e-26   1.039172e-04   1.990079e-27   168
  8.390260e-01   2.197014e-26   2.623966e-04   1.062449e-27   588
  8.402521e-01   1.861654e-26   3.561727e-04   1.517624e-27   240
  8.412047e-01   1.656923e-26   3.145601e-04   1.170274e-27   264
  8.423219e-01   1.960657e-26   3.890183e-04   1.366306e-27   288
  8.433131e-01   2.283141e-26   1.942596e-04   1.655233e-27   288
  8.445693e-01   1.611227e-26   1.824407e-04   1.030359e-27   288
  8.454153e-01   1.940748e-26   2.113423e-04   1.440442e-27   192
  8.464795e-01   1.437598e-26   2.248894e-04   9.897633e-28   264
  8.474933e-01   2.712716e-26   3.699119e-04   1.639184e-27   372
  8.485844e-01   2.832416e-26   3.995208e-04   2.167773e-27   360
  8.499161e-01   2.626828e-26   1.690810e-04   3.150794e-27   144
  8.506044e-01   1.671630e-26   2.348461e-04   1.219487e-27   296
  8.516909e-01   1.674936e-26   2.530345e-04   1.271451e-27   288
  8.529347e-01   1.955814e-26   3.781537e-04   1.132093e-27   480
  8.540076e-01   1.685635e-26   3.142096e-04   2.085966e-27   192
  8.550509e-01   2.105295e-26   3.370327e-04   1.594863e-27   192
  8.559992e-01   1.566699e-26   2.147949e-04   1.068197e-27   288
  8.573180e-01   1.053972e-26   1.869760e-04   1.124444e-27   108
  8.579823e-01   1.486762e-26   1.797545e-04   1.152607e-27   240
  8.591554e-01   1.364056e-26   3.353363e-04   9.217356e-28   384
  8.603605e-01   1.695295e-26   4.090723e-04   1.555966e-27   108
  8.614261e-01   1.976341e-26   2.398466e-04   1.203134e-27   348
  8.625466e-01   1.441320e-26   2.503134e-04   1.348832e-27   312
  8.635474e-01   1.408968e-26   2.432319e-04   2.441956e-27   96
  8.644677e-01   1.521872e-26   3.238194e-04   9.350715e-28   384
  8.654984e-01   1.635351e-26   2.227222e-04   1.208349e-27   144
  8.665066e-01   1.642349e-26   3.422225e-04   9.869591e-28   408
  8.677598e-01   1.064664e-26   1.526554e-04   1.320203e-27   144
  8.689437e-01   1.434476e-26   2.934816e-04   1.265752e-27   192
  8.696459e-01   1.839019e-26   3.303190e-04   1.512581e-27   144
  8.707904e-01   1.150371e-26   2.685615e-04   1.122892e-27   144
  8.718702e-01   1.530915e-26   3.282257e-04   1.190860e-27   336
  8.731927e-01   1.014679e-26   2.428454e-04   6.832590e-28   240
  8.740312e-01   1.074093e-26   1.102739e-04   1.182991e-27   96
  8.752007e-01   1.630642e-26   3.233803e-04   1.189210e-27   372
  8.763838e-01   1.296301e-26   3.846540e-04   1.481319e-27   132
  8.774230e-01   1.018202e-26   2.380193e-04   6.707390e-28   264
  8.783527e-01   1.895680e-26   1.827880e-04   1.820958e-27   168
  8.793449e-01   1.453365e-26   2.922429e-04   1.037715e-27   216
  8.802213e-01   1.150982e-26   1.787978e-04   1.059451e-27   216
  8.814979e-01   7.335604e-27   3.280196e-04   7.286286e-28   96
  8.826561e-01   1.466001e-26   2.140028e-04   1.750625e-27   120
  8.837183e-01   1.075210e-26   2.720578e-04   9.319212e-28   216
  8.845934e-01   9.085039e-27   1.188902e-04   7.440305e-28   200
  8.857519e-01   1.244664e-26   3.077557e-04   1.214281e-27   288
  8.872378e-01   5.618544e-27   8.097649e-05   4.178648e-28   144
  8.878635e-01   1.206065e-26   2.519939e-04   1.632519e-27   168
  8.891412e-01   1.183413e-26   2.835956e-04   1.622924e-27   159
  8.901386e-01   8.374446e-27   2.975600e-04   5.339043e-28   174
  8.911039e-01   8.026399e-27   2.698170e-04   6.543623e-28   144
  8.923678e-01   1.173369e-26   1.557998e-04   9.084649e-28   222
  8.932131e-01   8.562804e-27   1.572158e-04   7.467709e-28   168
  8.946732e-01   1.350104e-26   3.448346e-04   2.621348e-27   30
  8.952763e-01   4.841886e-27   3.044637e-04   5.932954e-28   72
  8.964123e-01   8.375917e-27   2.717302e-04   6.722512e-28   258
  8.976612e-01   7.795189e-27   1.701916e-04   5.727726e-28   264
  8.982857e-01   9.165824e-27   0.000000e+00   1.173912e-27   72
  8.995871e-01   5.470086e-27   3.373270e-04   4.278402e-28   174
  9.007654e-01   9.091670e-27   3.591909e-04   9.639179e-28   168
  9.017127e-01   3.569494e-27   1.123916e-08   4.916431e-28   48
  9.027297e-01   6.296860e-27   2.028435e-04   5.474457e-28   150
  9.039088e-01   1.012618e-26   3.731453e-04   7.687828e-28   168
  9.050911e-01   5.911681e-27   2.273028e-04   5.711999e-28   144
  9.061784e-01   9.144100e-27   2.123525e-04   1.272250e-27   102
  9.069882e-01   3.855187e-27   3.143182e-04   3.114104e-28   96
  9.082731e-01   2.867145e-27   3.119397e-04   2.062242e-28   120
  9.092246e-01   3.052875e-27   3.345635e-04   2.231711e-28   168
  9.102538e-01   9.451681e-27   2.470487e-04   7.647613e-28   126
  9.111308e-01   6.305607e-27   1.863241e-04   6.885371e-28   168
  9.123389e-01   4.371438e-27   2.987709e-04   5.338604e-28   72
  9.133947e-01   4.326377e-27   3.741278e-04   3.388694e-28   168
  9.143196e-01   8.441789e-27   1.025668e-04   1.407948e-27   78
  9.155870e-01   4.405596e-27   1.684070e-04   5.632024e-28   60
  9.166075e-01   9.334504e-27   2.731835e-04   1.518618e-27   96
  9.176659e-01   4.823041e-27   3.314854e-04   3.621790e-28   168
  9.186605e-01   3.609594e-27   2.097511e-04   4.263157e-28   86
  9.197042e-01   3.652575e-27   1.874678e-04   3.869801e-28   120
  9.212002e-01   3.394048e-27   1.336894e-04   2.866913e-28   168
  9.220069e-01   2.572165e-27   0.000000e+00   2.595960e-28   48
  9.230934e-01   6.471268e-27   2.435676e-04   5.906111e-28   120
  9.237177e-01   4.564270e-27   1.776924e-04   5.039542e-28   126
  9.252418e-01   4.296083e-27   3.125113e-04   4.739210e-28   96
  9.262310e-01   4.684744e-27   9.011285e-05   4.353587e-28   96
  9.270111e-01   3.151142e-27   0.000000e+00   3.362837e-28   72
  9.286731e-01   3.447818e-27   1.123916e-08   6.400707e-28   24
  9.297104e-01   4.239733e-27   1.854501e-04   3.988472e-28   120
  9.305196e-01   3.615487e-27   2.705147e-04   3.835018e-28   126
  9.314194e-01   3.618323e-27   2.255107e-04   3.466221e-28   96
  9.324708e-01   2.391414e-27   3.897482e-04   2.411933e-28   72
  9.336415e-01   3.159621e-27   1.685792e-04   2.503001e-28   144
  9.346046e-01   2.534626e-27   9.723254e-05   2.975077e-28   72
  9.355666e-01   4.251488e-27   1.942081e-04   6.264135e-28   54
  9.364132e-01   4.249749e-27   1.711436e-04   3.947327e-28   108
  9.381728e-01   4.689913e-27   1.677650e-04   4.262308e-28   72
  9.387206e-01   3.015485e-27   9.680617e-05   2.752920e-28   72
  9.400202e-01   2.020774e-27   1.946680e-08   2.964049e-28   24
  9.412498e-01   1.743469e-27   2.047976e-04   2.549460e-28   48
  9.419964e-01   3.578889e-27   1.560029e-04   3.877611e-28   102
  9.431203e-01   2.482252e-27   3.528137e-04   1.803450e-28   168
  9.445889e-01   2.248171e-27   1.924163e-04   2.823911e-28   72
  9.451330e-01   2.573891e-27   0.000000e+00   3.440420e-28   48
  9.462744e-01   2.715295e-27   3.309678e-04   2.793562e-28   120
  9.477807e-01   2.808146e-27   2.033864e-04   2.521460e-28   96
  9.492033e-01   6.061487e-27   2.202416e-08   1.742413e-27   30
  9.508942e-01   2.885893e-27   9.555995e-05   3.747946e-28   72
  9.516372e-01   2.121265e-27   1.123916e-08   5.155038e-28   24
  9.525916e-01   1.553901e-27   1.416435e-04   2.287711e-28   56
  9.536606e-01   1.493552e-27   2.021324e-04   1.342953e-28   96
  9.549399e-01   2.262946e-27   2.232036e-04   1.795472e-28   144
  9.559263e-01   3.081125e-27   1.267263e-04   4.579469e-28   54
  9.573592e-01   2.447513e-27   1.898493e-04   2.343786e-28   108
  9.588012e-01   4.509821e-27   1.005243e-04   6.759574e-28   48
  9.601739e-01   2.134895e-27   3.785063e-04   2.039614e-28   72
  9.634680e-01   3.828152e-27   2.500803e-04   3.750688e-28   78
  9.643808e-01   1.475689e-27   1.884669e-04   1.382411e-28   72
  9.654462e-01   1.489685e-27   1.882329e-04   1.651637e-28   72
  9.665603e-01   2.253005e-27   4.542266e-04   1.515116e-28   96
  9.674408e-01   1.729221e-27   1.878449e-04   1.243049e-28   72
  9.685029e-01   2.344596e-27   0.000000e+00   3.602613e-28   24
  9.695638e-01   2.253987e-27   3.748416e-04   2.346907e-28   72
  9.719599e-01   2.040764e-27   2.380359e-04   2.672303e-28   30
  9.724755e-01   3.008108e-27   0.000000e+00   5.125174e-28   24
  9.752466e-01   1.622977e-27   1.976584e-04   2.067196e-28   48
  9.761159e-01   1.499115e-27   4.253608e-04   1.509519e-28   120
  9.772870e-01   1.497158e-27   1.859776e-04   1.754240e-28   72
  9.784697e-01   1.658406e-27   1.857528e-04   2.155997e-28   36
  9.792826e-01   1.713890e-27   3.671339e-04   1.679238e-28   78
  9.815513e-01   1.814814e-27   1.963888e-04   2.075431e-28   48
  9.844928e-01   2.397804e-27   1.589457e-08   2.507426e-28   24
  9.865884e-01   8.085416e-28   1.367612e-04   1.209091e-28   56
  9.876436e-01   1.099732e-27   2.104496e-04   1.131650e-28   102
  9.889860e-01   1.286312e-27   1.498555e-08   1.269344e-28   72
  9.897653e-01   1.782565e-27   0.000000e+00   2.588952e-28   24
  9.911277e-01   1.170341e-27   1.944913e-04   1.463185e-28   48
  9.936528e-01   1.634865e-27   0.000000e+00   3.026949e-28   24
  9.967520e-01   8.553936e-28   0.000000e+00   3.669640e-28   6
  9.977185e-01   8.363405e-28   0.000000e+00   1.178269e-28   24
  9.983623e-01   8.882938e-28   1.820511e-04   8.071143e-29   72
  9.995384e-01   9.318775e-28   3.396336e-04   9.759621e-29   84
  1.000805e+00   1.058485e-27   0.000000e+00   2.726594e-28   24
  1.001190e+00   9.670302e-28   1.589457e-08   1.111960e-28   24
  1.003114e+00   1.266382e-27   1.123916e-08   1.458730e-28   24
  1.005800e+00   9.285986e-28   0.000000e+00   3.263146e-28   6
  1.009244e+00   7.517102e-28   1.910001e-04   1.220077e-28   48
  1.010072e+00   8.348457e-28   3.598129e-04   7.876183e-29   72
  1.011152e+00   8.665720e-28   1.906396e-04   9.727873e-29   48
  1.012867e+00   1.474780e-27   0.000000e+00   3.157640e-28   24
  1.015148e+00   1.915978e-27   1.123916e-08   2.665828e-28   6
  1.020262e+00   7.415659e-28   0.000000e+00   1.777262e-28   8
  1.020640e+00   9.476688e-28   1.123916e-08   1.648312e-28   48
  1.021546e+00   7.092219e-28   1.848806e-04   7.276071e-29   60
  1.022904e+00   9.764844e-28   0.000000e+00   1.383536e-28   24
  1.024787e+00   2.307084e-28   0.000000e+00   6.114316e-29   6
  1.031723e+00   5.530426e-28   0.000000e+00   1.254104e-28   24
  1.032283e+00   9.042897e-28   1.867372e-04   8.597648e-29   48
  1.033217e+00   6.694930e-28   0.000000e+00   1.409860e-28   24
  1.034708e+00   4.217519e-28   1.123916e-08   3.600922e-29   6
  1.043181e+00   6.879981e-28   1.742080e-04   1.333870e-28   36
  1.043797e+00   8.650119e-28   0.000000e+00   1.399457e-28   24
  1.044904e+00   8.054148e-28   0.000000e+00   3.915092e-28   6
  1.054545e+00   5.243205e-28   1.583190e-04   5.904748e-29   32
  1.055367e+00   3.849135e-28   1.123916e-08   8.005105e-29   6
  1.065728e+00   4.305444e-28   0.000000e+00   7.579184e-29   12
  1.066089e+00   1.495665e-27   0.000000e+00   4.666360e-28   6
  1.077063e+00   7.036854e-28   1.589457e-08   1.915735e-28   6
