# power spectrum of hij
# redshift z=10.000000
# k              Pk             sigma(k)       sigma(Pk)      count
  1.963495e-02   1.933386e-19   0.000000e+00   6.591970e-20   6
  2.776802e-02   1.117178e-19   0.000000e+00   1.114816e-20   12
  3.400874e-02   1.332034e-19   3.725290e-10   4.054789e-20   8
  3.926991e-02   3.859011e-20   0.000000e+00   8.977653e-22   6
  4.390509e-02   5.987281e-20   0.000000e+00   9.817807e-21   24
  4.809562e-02   3.818273e-20   7.024475e-10   6.524891e-21   24
  5.553604e-02   2.492849e-20   0.000000e+00   4.864744e-21   12
  5.890486e-02   2.069267e-20   7.947286e-10   2.356897e-21   30
  6.209118e-02   1.439324e-20   0.000000e+00   1.534679e-21   24
  6.512178e-02   9.130573e-21   1.216675e-09   1.046665e-21   24
  6.801748e-02   1.103293e-20   7.450581e-10   1.841659e-21   8
  7.079483e-02   1.326453e-20   9.934107e-10   1.333946e-21   24
  7.346727e-02   9.218642e-21   0.000000e+00   6.847622e-22   48
  7.853982e-02   6.433308e-21   0.000000e+00   1.079078e-21   6
  8.095699e-02   5.950487e-21   1.404895e-09   5.381265e-22   48
  8.330406e-02   8.517408e-21   0.000000e+00   8.054887e-22   36
  8.558678e-02   6.934316e-21   9.934107e-10   6.511899e-22   24
  8.781018e-02   4.019707e-21   0.000000e+00   4.690825e-22   24
  8.997866e-02   4.558853e-21   0.000000e+00   4.761212e-22   48
  9.209610e-02   2.151324e-21   1.404895e-09   1.445400e-22   24
  9.619124e-02   3.237058e-21   1.404895e-09   4.763029e-22   24
  9.817477e-02   2.560505e-21   0.000000e+00   2.827362e-22   30
  1.001190e-01   2.741511e-21   0.000000e+00   2.530621e-22   72
  1.020262e-01   2.691857e-21   1.490116e-09   4.115074e-22   32
  1.057375e-01   2.392008e-21   0.000000e+00   1.973202e-22   72
  1.075451e-01   2.045024e-21   0.000000e+00   1.860771e-22   48
  1.110721e-01   1.815971e-21   0.000000e+00   3.346864e-22   12
  1.127942e-01   1.278914e-21   0.000000e+00   1.067671e-22   48
  1.144905e-01   9.799704e-22   0.000000e+00   1.040546e-22   48
  1.161620e-01   1.236778e-21   1.404895e-09   1.168698e-22   48
  1.178097e-01   1.551849e-21   1.589457e-09   3.769465e-22   30
  1.194348e-01   1.294517e-21   1.404895e-09   2.431556e-22   24
  1.210380e-01   1.188037e-21   2.961779e-09   9.490437e-23   72
  1.241824e-01   1.006086e-21   0.000000e+00   1.269672e-22   24
  1.257251e-01   8.696077e-22   0.000000e+00   6.681521e-23   96
  1.272490e-01   6.659255e-22   0.000000e+00   5.594621e-23   48
  1.287550e-01   8.448948e-22   2.433349e-09   1.219056e-22   24
  1.302436e-01   6.135270e-22   2.433349e-09   1.085114e-22   24
  1.317153e-01   6.766120e-22   0.000000e+00   4.939623e-23   72
  1.331707e-01   5.504204e-22   0.000000e+00   4.342253e-23   48
  1.360350e-01   5.955080e-22   1.490116e-09   1.468697e-22   8
  1.374447e-01   4.739851e-22   1.766064e-09   4.358881e-23   54
  1.388401e-01   5.144936e-22   0.000000e+00   4.632570e-23   84
  1.402216e-01   5.785353e-22   0.000000e+00   6.590171e-23   48
  1.415897e-01   6.781308e-22   1.986821e-09   8.326397e-23   24
  1.429446e-01   4.680437e-22   1.873193e-09   3.311363e-23   72
  1.442869e-01   4.673020e-22   0.000000e+00   3.159011e-23   96
  1.469345e-01   3.552649e-22   0.000000e+00   3.806473e-23   48
  1.482407e-01   3.260466e-22   0.000000e+00   2.624652e-23   48
  1.495354e-01   4.602893e-22   1.986821e-09   5.102244e-23   24
  1.508189e-01   3.124884e-22   0.000000e+00   2.426723e-23   72
  1.533539e-01   2.791496e-22   1.873193e-09   2.247558e-23   72
  1.546058e-01   3.396694e-22   0.000000e+00   2.213826e-23   96
  1.570796e-01   2.441594e-22   0.000000e+00   6.059329e-23   6
  1.583021e-01   3.209144e-22   0.000000e+00   2.305383e-23   96
  1.595151e-01   2.885982e-22   1.986821e-09   2.068044e-23   96
  1.607190e-01   1.899071e-22   0.000000e+00   2.427477e-23   24
  1.619140e-01   3.219657e-22   2.809790e-09   2.552172e-23   48
  1.631002e-01   2.780254e-22   0.000000e+00   1.964380e-23   96
  1.642778e-01   1.968887e-22   0.000000e+00   1.703434e-23   48
  1.666081e-01   2.344293e-22   0.000000e+00   2.641505e-23   36
  1.677611e-01   1.779991e-22   3.441276e-09   2.225491e-23   48
  1.689063e-01   1.720377e-22   3.893359e-09   1.174714e-23   120
  1.700437e-01   1.888483e-22   0.000000e+00   2.034284e-23   56
  1.711736e-01   2.256804e-22   1.986821e-09   2.544769e-23   24
  1.722960e-01   1.801597e-22   0.000000e+00   1.165759e-23   96
  1.734112e-01   2.725695e-22   0.000000e+00   2.796523e-23   48
  1.756204e-01   1.736875e-22   0.000000e+00   2.217843e-23   24
  1.767146e-01   1.347974e-22   0.000000e+00   1.111158e-23   102
  1.778021e-01   1.444304e-22   0.000000e+00   1.169823e-23   48
  1.788829e-01   1.397582e-22   0.000000e+00   1.369707e-23   72
  1.799573e-01   1.364030e-22   0.000000e+00   1.291136e-23   48
  1.810253e-01   1.234641e-22   0.000000e+00   1.577465e-23   48
  1.820871e-01   1.143842e-22   4.495664e-09   8.832021e-24   120
  1.841922e-01   1.075221e-22   2.809790e-09   1.103844e-23   24
  1.852358e-01   1.063987e-22   2.649095e-09   6.399256e-24   144
  1.862735e-01   1.056739e-22   3.178914e-09   7.111378e-24   120
  1.873055e-01   8.195609e-23   2.809790e-09   7.101817e-24   48
  1.893526e-01   1.221941e-22   2.809790e-09   1.357358e-23   48
  1.903679e-01   8.909549e-23   2.809790e-09   5.674171e-24   96
  1.930487e-01   9.419247e-23   4.711199e-04   7.713237e-24   72
  1.943761e-01   9.394957e-23   3.532127e-09   4.973409e-24   108
  1.953653e-01   8.523620e-23   0.000000e+00   6.680240e-24   72
  1.963495e-01   1.324847e-22   0.000000e+00   1.647771e-23   30
  1.973288e-01   7.510683e-23   0.000000e+00   4.462046e-24   168
  1.983033e-01   8.125333e-23   0.000000e+00   8.241130e-24   48
  2.002380e-01   6.657168e-23   0.000000e+00   6.328857e-24   72
  2.011984e-01   6.815678e-23   0.000000e+00   5.080987e-24   96
  2.021542e-01   5.605470e-23   5.298191e-09   4.635536e-24   72
  2.031055e-01   7.526566e-23   0.000000e+00   6.036624e-24   72
  2.047049e-01   7.733972e-23   4.350048e-04   6.320783e-24   104
  2.059331e-01   6.362539e-23   3.746387e-09   3.215831e-24   144
  2.087224e-01   5.197833e-23   6.282881e-09   3.178252e-24   96
  2.096439e-01   5.683452e-23   0.000000e+00   4.611667e-24   96
  2.111095e-01   4.915094e-23   4.475232e-04   2.966660e-24   120
  2.123845e-01   5.526943e-23   0.000000e+00   2.917906e-24   120
  2.132902e-01   5.609413e-23   0.000000e+00   4.642867e-24   72
  2.150901e-01   6.070980e-23   0.000000e+00   6.134673e-24   48
  2.159845e-01   4.353894e-23   4.235416e-09   3.756362e-24   78
  2.171286e-01   5.089597e-23   4.007142e-04   2.458442e-24   168
  2.195255e-01   4.775471e-23   3.746387e-09   2.753667e-24   144
  2.204018e-01   4.104773e-23   3.746387e-09   2.302314e-24   144
  2.229436e-01   3.929866e-23   2.307791e-04   2.423257e-24   156
  2.238729e-01   5.043615e-23   4.866699e-09   4.844940e-24   48
  2.247323e-01   3.523148e-23   3.178914e-09   2.297226e-24   120
  2.255884e-01   3.190959e-23   0.000000e+00   3.228047e-24   48
  2.271022e-01   3.732183e-23   3.532495e-04   1.585884e-24   216
  2.289809e-01   2.948589e-23   0.000000e+00   2.763361e-24   48
  2.298212e-01   3.047492e-23   2.809790e-09   2.270834e-24   96
  2.310160e-01   3.905575e-23   4.128272e-04   2.294693e-24   168
  2.323239e-01   2.979547e-23   2.809790e-09   2.884667e-24   48
  2.331522e-01   3.240037e-23   0.000000e+00   2.334723e-24   96
  2.339775e-01   2.933760e-23   0.000000e+00   2.302995e-24   48
  2.356194e-01   2.914532e-23   3.178914e-09   2.562119e-24   30
  2.364362e-01   2.606620e-23   2.809790e-09   1.767797e-24   96
  2.374123e-01   2.680830e-23   3.244455e-04   1.323257e-24   240
  2.386674e-01   3.305653e-23   3.500299e-04   2.584826e-24   32
  2.396752e-01   2.531505e-23   0.000000e+00   1.238776e-24   168
  2.404781e-01   2.636675e-23   0.000000e+00   1.409392e-24   120
  2.420760e-01   2.878739e-23   5.923557e-09   2.402289e-24   72
  2.428710e-01   2.423449e-23   3.746387e-09   1.451438e-24   144
  2.436634e-01   2.722058e-23   0.000000e+00   1.764397e-24   96
  2.444532e-01   2.220531e-23   0.000000e+00   1.621919e-24   96
  2.460253e-01   2.688475e-23   4.588368e-09   2.346411e-24   72
  2.468075e-01   2.058078e-23   3.973643e-09   1.474250e-24   96
  2.483647e-01   2.606854e-23   0.000000e+00   3.007264e-24   24
  2.491396e-01   2.062043e-23   0.000000e+00   1.062752e-24   192
  2.500522e-01   1.833720e-23   2.970416e-04   1.001701e-24   132
  2.514501e-01   1.845709e-23   0.000000e+00   1.443120e-24   96
  2.522156e-01   1.724441e-23   0.000000e+00   1.479780e-24   96
  2.529787e-01   1.578811e-23   3.178914e-09   9.822724e-25   120
  2.544981e-01   2.141723e-23   0.000000e+00   1.630825e-24   48
  2.557435e-01   1.907619e-23   3.599905e-04   8.215122e-25   222
  2.567603e-01   2.107343e-23   0.000000e+00   1.381888e-24   120
  2.575100e-01   1.332043e-23   4.866699e-09   1.673626e-24   24
  2.586015e-01   1.513784e-23   3.715625e-04   5.928379e-25   312
  2.609797e-01   1.765601e-23   3.483547e-04   1.367111e-24   72
  2.619630e-01   1.429525e-23   2.809790e-09   1.132353e-24   96
  2.629726e-01   1.467584e-23   3.547511e-04   7.252358e-25   192
  2.641613e-01   1.585644e-23   4.495664e-09   9.634345e-25   120
  2.648900e-01   1.508166e-23   0.000000e+00   9.776154e-25   144
  2.663415e-01   1.325615e-23   0.000000e+00   1.164253e-24   48
  2.673732e-01   1.276009e-23   3.567146e-04   4.935440e-25   336
  2.685040e-01   1.405174e-23   0.000000e+00   1.551360e-24   48
  2.699360e-01   1.297122e-23   0.000000e+00   7.027739e-25   192
  2.706492e-01   1.153513e-23   0.000000e+00   9.627041e-25   48
  2.726764e-01   1.165363e-23   2.476067e-04   8.939027e-25   56
  2.736844e-01   1.340209e-23   3.180112e-04   5.278507e-25   336
  2.748894e-01   1.068018e-23   3.532127e-09   1.279854e-24   54
  2.759390e-01   1.133294e-23   3.492904e-04   5.038475e-25   240
  2.781181e-01   1.103247e-23   3.344484e-04   4.382562e-25   228
  2.790651e-01   1.177404e-23   3.746387e-09   9.141172e-25   72
  2.799844e-01   1.088780e-23   3.244231e-04   6.358054e-25   144
  2.811298e-01   7.507882e-24   0.000000e+00   5.370229e-25   96
  2.818146e-01   9.954789e-24   4.495664e-09   4.765476e-25   240
  2.831793e-01   1.211141e-23   3.973643e-09   1.875626e-24   24
  2.840530e-01   9.240542e-24   3.064151e-04   4.072765e-25   336
  2.852142e-01   8.091356e-24   0.000000e+00   6.539237e-25   72
  2.862741e-01   1.053028e-23   3.332831e-04   6.423881e-25   168
  2.872346e-01   1.067748e-23   0.000000e+00   1.272361e-24   72
  2.885737e-01   1.041108e-23   0.000000e+00   7.074489e-25   96
  2.896108e-01   7.563156e-24   3.307829e-04   3.682955e-25   216
  2.905708e-01   7.864977e-24   3.973643e-09   5.296364e-25   96
  2.918946e-01   8.073467e-24   0.000000e+00   3.495076e-25   192
  2.925542e-01   8.371977e-24   3.746387e-09   5.039069e-25   144
  2.938691e-01   6.859812e-24   0.000000e+00   6.524438e-25   48
  2.947794e-01   7.181949e-24   3.189136e-04   3.184239e-25   246
  2.960164e-01   7.325459e-24   2.940434e-04   3.818027e-25   168
  2.971308e-01   6.646589e-24   5.506041e-09   4.542549e-25   120
  2.977788e-01   6.808527e-24   0.000000e+00   3.317640e-25   240
  2.990707e-01   7.721008e-24   3.973643e-09   1.137768e-24   24
  3.001001e-01   6.969116e-24   3.147475e-04   2.591353e-25   360
  3.013820e-01   6.287268e-24   3.134082e-04   4.397937e-25   120
  3.022763e-01   6.952897e-24   0.000000e+00   3.684032e-25   144
  3.029133e-01   7.114864e-24   0.000000e+00   5.755043e-25   96
  3.048165e-01   5.790888e-24   0.000000e+00   3.567299e-25   144
  3.054482e-01   7.208289e-24   0.000000e+00   4.724745e-25   132
  3.063360e-01   5.653847e-24   3.093292e-04   2.561730e-25   176
  3.076248e-01   6.074919e-24   3.123602e-04   2.789055e-25   312
  3.092116e-01   5.830987e-24   0.000000e+00   4.081510e-25   96
  3.098343e-01   4.797738e-24   0.000000e+00   2.915210e-25   144
  3.107899e-01   5.711757e-24   3.092271e-04   2.506540e-25   312
  3.123131e-01   4.507954e-24   0.000000e+00   4.192755e-25   48
  3.129297e-01   5.104410e-24   3.973643e-09   2.968267e-25   192
  3.141593e-01   5.391872e-24   0.000000e+00   9.265709e-25   6
  3.149762e-01   4.473008e-24   2.884066e-04   1.844050e-25   288
  3.162994e-01   5.067318e-24   3.047203e-04   2.707059e-25   192
  3.172124e-01   5.347507e-24   7.064254e-09   2.574705e-25   216
  3.178195e-01   4.625178e-24   0.000000e+00   3.863775e-25   72
  3.193321e-01   5.006544e-24   3.018264e-04   2.353408e-25   192
  3.203366e-01   4.289036e-24   2.241224e-04   1.857011e-25   288
  3.214381e-01   5.123758e-24   0.000000e+00   5.568125e-25   24
  3.222890e-01   4.389382e-24   2.952626e-04   1.474537e-25   456
  3.238280e-01   4.364932e-24   0.000000e+00   5.186252e-25   48
  3.247789e-01   4.050235e-24   2.908218e-04   1.797052e-25   240
  3.258718e-01   4.104008e-24   2.939082e-04   2.169645e-25   216
  3.267908e-01   4.484980e-24   0.000000e+00   4.198467e-25   72
  3.273801e-01   4.010974e-24   1.015467e-08   2.715102e-25   168
  3.290441e-01   3.502989e-24   2.184577e-04   1.524583e-25   288
  3.299773e-01   3.272544e-24   2.890570e-04   1.769010e-25   168
  3.314762e-01   3.564511e-24   0.000000e+00   1.960315e-25   192
  3.320572e-01   3.378213e-24   3.746387e-09   2.418997e-25   144
  3.332162e-01   4.336137e-24   0.000000e+00   6.216782e-25   36
  3.341991e-01   3.473106e-24   2.639705e-04   1.473065e-25   342
  3.351389e-01   3.393059e-24   2.710657e-04   1.972592e-25   144
  3.363470e-01   3.299778e-24   2.842800e-04   1.207387e-25   384
  3.378125e-01   3.593784e-24   7.786718e-09   2.378362e-25   120
  3.385379e-01   3.400577e-24   2.534951e-04   1.478810e-25   264
  3.395201e-01   3.282471e-24   1.256576e-08   2.061597e-25   192
  3.404451e-01   2.847655e-24   2.731894e-04   1.781977e-25   152
  3.412191e-01   3.095977e-24   3.746387e-09   1.887308e-25   144
  3.428472e-01   3.075714e-24   1.768108e-04   1.568692e-25   216
  3.436008e-01   3.016462e-24   2.362665e-04   1.193750e-25   312
  3.449274e-01   3.193702e-24   2.738281e-04   1.272408e-25   240
  3.457090e-01   2.460096e-24   3.973643e-09   2.221928e-25   96
  3.471927e-01   2.334903e-24   2.617995e-04   1.297085e-25   144
  3.481071e-01   2.684111e-24   2.573258e-04   9.082164e-26   456
  3.495904e-01   2.558948e-24   0.000000e+00   1.724063e-25   120
  3.501414e-01   2.496621e-24   0.000000e+00   1.485484e-25   144
  3.512407e-01   2.583316e-24   0.000000e+00   3.832313e-25   24
  3.519456e-01   2.434378e-24   2.473498e-04   9.486568e-26   336
  3.531645e-01   2.640935e-24   2.727931e-04   1.488295e-25   198
  3.543067e-01   2.431477e-24   2.652756e-04   9.571761e-26   432
  3.556041e-01   2.885633e-24   0.000000e+00   3.570467e-25   48
  3.562810e-01   2.492299e-24   2.341925e-04   9.101776e-26   384
  3.574963e-01   1.832414e-24   2.696052e-04   1.054296e-25   144
  3.585975e-01   2.505880e-24   2.676825e-04   1.366346e-25   264
  3.599147e-01   2.142431e-24   3.973643e-09   1.910125e-25   48
  3.607984e-01   2.209681e-24   2.545223e-04   8.961407e-26   276
  3.616510e-01   2.174630e-24   2.307176e-04   1.117489e-25   192
  3.627906e-01   2.080427e-24   2.592759e-04   7.138396e-26   552
  3.641741e-01   1.778672e-24   4.495664e-09   1.089878e-25   120
  3.649965e-01   1.602871e-24   2.624511e-04   7.038802e-26   216
  3.657587e-01   1.810061e-24   6.357829e-09   1.476084e-25   120
  3.671201e-01   1.988026e-24   2.584500e-04   7.578121e-26   408
  3.683844e-01   1.533166e-24   5.619580e-09   1.186089e-25   24
  3.691684e-01   1.990053e-24   2.610810e-04   8.092099e-26   384
  3.702633e-01   1.860312e-24   2.550855e-04   8.098099e-26   240
  3.712141e-01   1.966444e-24   2.569535e-04   1.249951e-25   168
  3.725471e-01   1.610993e-24   0.000000e+00   1.431607e-25   120
  3.734064e-01   1.795779e-24   2.678605e-04   8.202450e-26   350
  3.748037e-01   1.909516e-24   4.409502e-04   6.939794e-26   384
  3.756388e-01   1.771292e-24   0.000000e+00   1.005191e-25   144
  3.771752e-01   1.598639e-24   0.000000e+00   6.759617e-26   288
  3.779773e-01   1.581878e-24   2.524053e-04   6.263222e-26   336
  3.790686e-01   1.624560e-24   2.297941e-04   8.670510e-26   168
  3.797219e-01   1.621760e-24   1.015467e-08   6.482902e-26   336
  3.810732e-01   1.729686e-24   2.385126e-04   8.016799e-26   288
  3.818848e-01   1.588872e-24   2.247398e-04   6.554598e-26   264
  3.832590e-01   1.336161e-24   0.000000e+00   6.247871e-26   240
  3.837616e-01   1.481539e-24   5.619580e-09   1.215384e-25   96
  3.855656e-01   1.474918e-24   3.056310e-04   5.740596e-26   360
  3.864075e-01   1.593295e-24   2.253025e-04   1.133066e-25   168
  3.874713e-01   1.324705e-24   2.456032e-04   4.756496e-26   456
  3.887523e-01   1.352650e-24   4.995182e-09   7.872712e-26   108
  3.894728e-01   1.172310e-24   2.464311e-04   6.498656e-26   264
  3.903716e-01   1.288778e-24   2.198567e-04   5.200196e-26   264
  3.916025e-01   1.427982e-24   2.074668e-04   5.837524e-26   312
  3.931351e-01   1.285509e-24   1.541705e-04   6.571846e-26   270
  3.937775e-01   1.143022e-24   1.957388e-04   6.169030e-26   240
  3.949323e-01   1.281587e-24   2.421536e-04   4.992551e-26   384
  3.956334e-01   1.311785e-24   5.619580e-09   8.422185e-26   192
  3.969952e-01   1.422224e-24   1.942960e-04   7.133197e-26   240
  3.977852e-01   1.275948e-24   2.397927e-04   5.846716e-26   336
  3.992708e-01   1.207306e-24   2.413972e-04   3.855364e-26   480
  4.004761e-01   1.377332e-24   9.176735e-09   1.342437e-25   72
  4.011493e-01   1.100131e-24   2.353842e-04   7.286346e-26   240
  4.020650e-01   1.165857e-24   2.212289e-04   4.773555e-26   312
  4.031147e-01   1.123142e-24   2.390954e-04   5.210002e-26   240
  4.047009e-01   1.099228e-24   1.816506e-04   4.244850e-26   408
  4.053288e-01   1.093755e-24   1.663482e-04   4.511811e-26   336
  4.065560e-01   1.269538e-24   2.112212e-04   6.559190e-26   264
  4.071591e-01   8.254876e-25   0.000000e+00   4.500598e-26   144
  4.088370e-01   9.213108e-25   2.927651e-04   3.192174e-26   464
  4.097211e-01   1.014762e-24   2.328083e-04   5.232757e-26   168
  4.105939e-01   8.749902e-25   2.120376e-04   4.103368e-26   336
  4.121713e-01   1.015682e-24   2.227870e-04   4.263526e-26   414
  4.130606e-01   1.058882e-24   2.319080e-04   6.321037e-26   216
  4.141998e-01   1.191056e-24   5.619580e-09   8.226155e-26   96
  4.146649e-01   8.976933e-25   1.256576e-08   3.731393e-26   384
  4.162944e-01   9.338955e-25   2.314600e-04   3.217358e-26   492
  4.171676e-01   1.103050e-24   2.263480e-04   5.803863e-26   240
  4.181546e-01   8.663057e-25   2.298225e-04   3.631357e-26   312
  4.195176e-01   7.654673e-25   2.297469e-04   4.177367e-26   192
  4.203810e-01   8.340972e-25   2.226525e-04   3.022409e-26   504
  4.215265e-01   8.647528e-25   1.473998e-04   3.176168e-26   408
  4.224284e-01   7.417150e-25   4.515774e-04   4.081716e-26   168
  4.235571e-01   9.068327e-25   2.145032e-04   4.453691e-26   288
  4.245041e-01   7.700217e-25   2.238525e-04   3.566510e-26   288
  4.254743e-01   6.759349e-25   2.251410e-04   2.805853e-26   432
  4.268815e-01   8.354892e-25   2.129084e-04   4.618265e-26   216
  4.276334e-01   7.015361e-25   2.124592e-04   2.834685e-26   360
  4.289721e-01   7.732597e-25   2.073582e-04   3.676833e-26   312
  4.301803e-01   9.819757e-25   0.000000e+00   1.097657e-25   48
  4.308767e-01   7.261616e-25   2.223178e-04   2.829563e-26   432
  4.321240e-01   6.850845e-25   3.708284e-04   2.686850e-26   414
  4.328606e-01   8.224441e-25   0.000000e+00   3.652061e-26   312
  4.342347e-01   7.291061e-25   3.253813e-04   2.752667e-26   528
  4.351620e-01   7.716137e-25   1.707976e-04   3.870971e-26   264
  4.362761e-01   7.019576e-25   2.025191e-04   2.598837e-26   480
  4.377318e-01   7.051270e-25   0.000000e+00   3.006729e-26   288
  4.383604e-01   7.807592e-25   2.176005e-04   4.607505e-26   168
  4.395105e-01   6.731491e-25   3.444610e-04   2.783683e-26   504
  4.408036e-01   7.980556e-25   5.298191e-09   5.335135e-26   144
  4.416171e-01   6.606710e-25   2.212265e-04   2.386066e-26   464
  4.428396e-01   6.968774e-25   3.246624e-04   2.874306e-26   432
  4.434197e-01   6.890296e-25   0.000000e+00   3.837104e-26   192
  4.449189e-01   5.820611e-25   2.406833e-04   2.663746e-26   396
  4.458042e-01   5.245807e-25   2.162000e-04   2.784318e-26   288
  4.466990e-01   5.973034e-25   2.135686e-04   2.843858e-26   336
  4.481283e-01   5.576835e-25   1.352359e-04   2.535380e-26   432
  4.490354e-01   5.604989e-25   3.505126e-04   2.463791e-26   360
  4.500539e-01   6.095055e-25   2.073334e-04   2.466475e-26   384
  4.515004e-01   5.708200e-25   1.830116e-04   3.292627e-26   198
  4.521974e-01   5.769770e-25   2.080246e-04   1.952864e-26   552
  4.534970e-01   5.618054e-25   2.912202e-04   2.727680e-26   432
  4.545821e-01   6.037419e-25   6.422377e-09   4.248269e-26   168
  4.554927e-01   5.483150e-25   3.610065e-04   2.248897e-26   480
  4.566974e-01   5.129723e-25   6.357829e-09   3.317011e-26   120
  4.572396e-01   6.099421e-25   2.948545e-04   3.860460e-26   336
  4.585628e-01   5.109644e-25   2.080152e-04   1.791539e-26   672
  4.598711e-01   6.129423e-25   3.025866e-04   2.311519e-26   528
  4.604805e-01   4.306494e-25   0.000000e+00   2.916830e-26   168
  4.618883e-01   5.310906e-25   3.375333e-04   2.219474e-26   456
  4.627474e-01   5.861736e-25   2.061344e-04   3.546910e-26   168
  4.636392e-01   5.336892e-25   2.057643e-04   2.074896e-26   504
  4.651216e-01   4.050306e-25   2.647872e-04   2.173614e-26   336
  4.660180e-01   4.794335e-25   1.908802e-04   2.450780e-26   312
  4.670124e-01   4.758619e-25   1.865029e-04   2.135837e-26   504
  4.683210e-01   4.563877e-25   1.294009e-04   2.111090e-26   432
  4.689362e-01   5.464484e-25   1.999672e-04   2.690163e-26   312
  4.702151e-01   4.853361e-25   2.049761e-04   2.295774e-26   384
  4.715504e-01   4.912127e-25   1.741510e-04   3.401785e-26   126
  4.723748e-01   4.595739e-25   3.057676e-04   1.826933e-26   492
  4.734278e-01   4.353933e-25   1.958445e-04   1.609978e-26   528
  4.747438e-01   4.070230e-25   1.989360e-04   1.620676e-26   480
  4.755596e-01   4.818663e-25   2.748289e-04   1.993471e-26   432
  4.767402e-01   4.302800e-25   2.161166e-04   1.854266e-26   440
  4.781114e-01   4.965176e-25   1.074739e-04   2.820507e-26   312
  4.786259e-01   3.689009e-25   1.610586e-04   1.653671e-26   480
  4.796813e-01   4.050577e-25   3.153497e-04   1.837152e-26   408
  4.812233e-01   4.823201e-25   1.888588e-04   2.233951e-26   360
  4.818747e-01   4.056860e-25   1.822418e-04   2.033566e-26   408
  4.830820e-01   3.503931e-25   1.854542e-04   1.445633e-26   456
  4.844414e-01   4.103521e-25   1.772485e-04   2.013578e-26   264
  4.851959e-01   4.414520e-25   1.923591e-04   2.143942e-26   384
  4.862943e-01   4.173298e-25   3.238501e-04   1.472188e-26   672
  4.875640e-01   4.637227e-25   1.937042e-04   3.086480e-26   240
  4.882967e-01   3.616714e-25   1.965613e-04   1.850909e-26   264
  4.893308e-01   3.052833e-25   2.424259e-04   1.010527e-26   624
  4.908739e-01   2.611765e-25   0.000000e+00   2.163152e-26   150
  4.914232e-01   3.863042e-25   2.716574e-04   1.418735e-26   600
  4.925819e-01   4.112530e-25   1.874909e-04   1.507436e-26   672
  4.938939e-01   3.481277e-25   1.763484e-04   1.808185e-26   336
  4.946248e-01   3.419799e-25   1.918157e-04   1.473115e-26   408
  4.957926e-01   3.974802e-25   1.913639e-04   1.947735e-26   408
  4.970915e-01   4.252175e-25   9.676385e-05   2.095351e-26   360
  4.978921e-01   3.892870e-25   3.552857e-04   1.908293e-26   456
  4.988592e-01   2.830821e-25   1.932065e-04   1.202563e-26   384
  5.000902e-01   2.701157e-25   1.783541e-04   1.425340e-26   348
  5.007554e-01   3.443326e-25   2.198754e-04   1.616153e-26   576
  5.020050e-01   3.242017e-25   1.810385e-04   1.312819e-26   504
  5.032833e-01   3.397872e-25   2.553443e-04   1.612490e-26   432
  5.043991e-01   3.245668e-25   3.473946e-04   1.228046e-26   576
  5.051948e-01   3.066221e-25   8.173934e-09   2.046602e-26   264
  5.064571e-01   3.185649e-25   2.764393e-04   1.105839e-26   768
  5.075549e-01   2.297149e-25   3.721752e-04   9.927135e-27   240
  5.084277e-01   2.944744e-25   3.282233e-04   3.041420e-26   192
  5.096990e-01   3.105404e-25   2.416124e-04   1.297159e-26   504
  5.106418e-01   3.366696e-25   3.255818e-04   1.234931e-26   590
  5.115460e-01   3.256695e-25   3.647966e-04   1.683894e-26   384
  5.126798e-01   2.820511e-25   3.048625e-04   1.432706e-26   504
  5.140486e-01   2.862160e-25   2.933830e-04   1.131715e-26   648
  5.153764e-01   2.546120e-25   7.967896e-05   1.180216e-26   504
  5.159117e-01   2.725493e-25   1.817627e-04   1.370437e-26   312
  5.168569e-01   3.123103e-25   2.618753e-04   1.432414e-26   576
  5.181545e-01   3.273126e-25   1.822405e-04   1.909220e-26   240
  5.189109e-01   2.663675e-25   1.841453e-04   1.023183e-26   552
  5.199816e-01   2.565094e-25   1.729082e-04   9.613312e-27   600
  5.215067e-01   2.735661e-25   2.111937e-04   1.107424e-26   600
  5.224237e-01   2.786890e-25   3.382099e-04   1.610792e-26   312
  5.233368e-01   3.065819e-25   2.945474e-04   1.558011e-26   480
  5.244775e-01   2.431122e-25   1.837693e-04   1.012571e-26   576
  5.254818e-01   2.643911e-25   2.959085e-04   1.422894e-26   408
  5.263729e-01   1.375676e-25   3.451909e-04   1.036562e-26   216
  5.275243e-01   2.702527e-25   2.643774e-04   1.119166e-26   516
  5.287578e-01   2.469588e-25   2.522429e-04   8.726554e-27   744
  5.300304e-01   2.698878e-25   1.684760e-04   1.227254e-26   462
  5.307494e-01   2.111083e-25   1.712315e-04   1.140742e-26   432
  5.318647e-01   2.500682e-25   1.588547e-04   1.042309e-26   648
  5.331761e-01   2.139862e-25   2.324340e-04   9.285188e-27   528
  5.342295e-01   2.679715e-25   2.799086e-04   1.149975e-26   600
  5.352820e-01   2.866388e-25   3.528915e-04   1.639097e-26   240
  5.363014e-01   2.102988e-25   2.703115e-04   7.830483e-27   720
  5.374863e-01   2.353860e-25   2.138653e-04   9.287796e-27   720
  5.387997e-01   1.107807e-25   0.000000e+00   6.910170e-27   144
  5.394909e-01   2.652846e-25   2.757364e-04   1.025476e-26   720
  5.404742e-01   2.476903e-25   1.653370e-04   1.365739e-26   384
  5.417051e-01   2.095654e-25   1.832848e-04   8.612684e-27   672
  5.428730e-01   2.557217e-25   3.209115e-04   1.665764e-26   336
  5.434308e-01   1.975267e-25   7.492773e-09   1.486111e-26   288
  5.447967e-01   1.850309e-25   2.539800e-04   7.415902e-27   776
  5.460612e-01   2.040835e-25   2.173184e-04   8.219444e-27   720
  5.471231e-01   1.833772e-25   1.750659e-04   8.989880e-27   432
  5.479725e-01   2.350307e-25   2.495786e-04   1.084723e-26   504
  5.489174e-01   2.546827e-25   1.748652e-04   1.298345e-26   528
  5.502396e-01   1.934303e-25   2.382437e-04   1.089958e-26   438
  5.513273e-01   2.034602e-25   2.772938e-04   9.406020e-27   624
  5.521470e-01   1.881600e-25   3.396475e-04   1.206554e-26   312
  5.532738e-01   2.457683e-25   1.829935e-04   8.697834e-27   696
  5.544390e-01   1.974820e-25   1.655760e-04   9.645142e-27   552
  5.556509e-01   2.196439e-25   1.281006e-04   1.294576e-26   516
  5.564006e-01   2.108768e-25   2.558713e-04   9.973739e-27   528
  5.573133e-01   1.487702e-25   1.664001e-04   7.038860e-27   528
  5.586097e-01   1.885316e-25   2.194479e-04   7.674368e-27   864
  5.594897e-01   1.847703e-25   3.005985e-04   1.011253e-26   408
  5.603706e-01   2.960979e-25   2.978186e-04   2.175290e-26   192
  5.616191e-01   1.603207e-25   2.464592e-04   7.143623e-27   720
  5.626731e-01   1.825271e-25   2.272475e-04   8.198380e-27   696
  5.639255e-01   1.710892e-25   2.454294e-04   7.048885e-27   720
  5.650713e-01   2.206015e-25   3.326501e-04   1.119245e-26   432
  5.657395e-01   1.509491e-25   1.958109e-04   9.691576e-27   264
  5.669418e-01   1.839374e-25   2.704061e-04   8.403959e-27   672
  5.680171e-01   1.653443e-25   2.768544e-04   6.976466e-27   600
  5.692933e-01   1.012002e-25   1.620980e-04   5.005741e-27   270
  5.699366e-01   1.570534e-25   2.440026e-04   9.184914e-27   528
  5.709591e-01   1.764805e-25   1.670843e-04   6.570549e-27   840
  5.723613e-01   1.942619e-25   3.194952e-04   7.281189e-27   888
  5.736568e-01   1.528599e-25   2.380474e-04   6.590150e-27   744
  5.747517e-01   1.787433e-25   1.223216e-04   8.493237e-27   456
  5.752963e-01   2.304009e-25   1.671601e-04   1.071591e-26   360
  5.762282e-01   1.196539e-25   1.448348e-04   6.901922e-27   384
  5.776580e-01   1.663953e-25   2.323137e-04   6.690187e-27   816
  5.787308e-01   1.513913e-25   3.370546e-04   6.430830e-27   824
  5.800348e-01   1.465011e-25   1.566791e-04   1.047000e-26   360
  5.807331e-01   1.475763e-25   2.311994e-04   6.139711e-27   624
  5.816941e-01   2.005380e-25   1.562320e-04   1.268349e-26   360
  5.829744e-01   1.442069e-25   2.125215e-04   5.912446e-27   876
  5.841306e-01   1.514350e-25   2.524119e-04   6.857655e-27   696
  5.852967e-01   1.287702e-25   1.629911e-04   8.329151e-27   336
  5.859080e-01   1.684444e-25   1.628079e-04   9.840621e-27   504
  5.869176e-01   1.310746e-25   1.642187e-04   6.588486e-27   672
  5.884155e-01   1.296787e-25   3.269213e-04   4.911912e-27   720
  5.894543e-01   1.373385e-25   2.469541e-04   5.821244e-27   774
  5.906010e-01   1.395096e-25   1.413501e-04   9.382827e-27   384
  5.912015e-01   1.633247e-25   2.720183e-04   7.956017e-27   528
  5.921335e-01   1.475153e-25   2.592486e-04   6.516189e-27   744
  5.936327e-01   1.611459e-25   2.138251e-04   6.364614e-27   768
  5.946281e-01   1.208021e-25   2.400348e-04   6.914434e-27   552
  5.958700e-01   1.347039e-25   2.616108e-04   6.793618e-27   696
  5.967938e-01   1.549136e-25   3.179026e-04   8.446220e-27   408
  5.975272e-01   1.458004e-25   1.373364e-04   7.029563e-27   504
  5.986899e-01   1.377025e-25   2.467198e-04   5.611537e-27   888
  5.998339e-01   1.271523e-25   2.564132e-04   6.348579e-27   648
  6.010230e-01   1.259612e-25   2.542153e-04   7.235507e-27   648
  6.021418e-01   1.228785e-25   2.741064e-04   5.630900e-27   792
  6.033268e-01   1.122667e-25   4.010364e-04   6.378862e-27   600
  6.042000e-01   9.183471e-26   2.717856e-04   5.023473e-27   456
  6.051191e-01   1.103148e-25   1.324567e-04   4.935973e-27   648
  6.062996e-01   1.072196e-25   2.583099e-04   4.088435e-27   936
  6.075741e-01   1.542699e-25   1.586356e-04   7.781014e-27   384
  6.086836e-01   1.204252e-25   0.000000e+00   1.132348e-26   198
  6.095398e-01   1.066725e-25   4.024720e-04   3.612822e-27   1224
  6.104634e-01   1.469057e-25   2.931235e-04   7.954415e-27   420
  6.115558e-01   1.082527e-25   2.836822e-04   4.148536e-27   792
  6.126238e-01   1.073715e-25   2.345810e-04   5.091581e-27   680
  6.138428e-01   9.902582e-26   2.154033e-04   4.681276e-27   600
  6.148235e-01   9.981380e-26   3.123938e-04   4.366406e-27   840
  6.161330e-01   1.085131e-25   1.474979e-04   6.049982e-27   432
  6.166334e-01   1.206152e-25   1.382249e-04   6.372331e-27   720
  6.177213e-01   1.018136e-25   2.768404e-04   3.904230e-27   960
  6.190745e-01   9.928977e-26   2.467829e-04   5.686975e-27   528
  6.200634e-01   1.049422e-25   2.522592e-04   6.732224e-27   624
  6.212404e-01   1.091432e-25   1.982740e-04   4.709861e-27   816
  6.224086e-01   9.220116e-26   3.260658e-04   4.581703e-27   696
  6.236996e-01   8.470057e-26   8.991328e-09   6.044230e-27   240
  6.241851e-01   1.055172e-25   1.922888e-04   5.340519e-27   672
  6.252686e-01   8.915710e-26   3.436476e-04   3.958759e-27   864
  6.264840e-01   6.821984e-26   2.636938e-04   2.899902e-27   816
  6.275795e-01   7.971792e-26   1.509292e-04   4.613344e-27   648
  6.287594e-01   1.026243e-25   1.542771e-04   4.441307e-27   843
  6.297611e-01   8.580744e-26   2.775825e-04   4.158746e-27   780
  6.309548e-01   8.677408e-26   1.489456e-04   9.513150e-27   216
  6.316911e-01   8.409849e-26   3.591661e-04   3.186748e-27   1056
  6.328235e-01   8.284669e-26   2.938382e-04   8.500538e-27   228
  6.338720e-01   9.443115e-26   3.658358e-04   3.988395e-27   924
  6.349484e-01   8.780124e-26   1.357046e-04   3.924951e-27   696
  6.360882e-01   7.484999e-26   2.415153e-04   3.491457e-27   996
  6.372543e-01   5.853539e-26   1.425858e-04   3.371131e-27   576
  6.384675e-01   7.418060e-26   2.200718e-04   5.324370e-27   552
  6.393519e-01   8.973326e-26   2.627580e-04   4.849173e-27   516
  6.402494e-01   7.412869e-26   3.821047e-04   3.736019e-27   744
  6.412749e-01   5.290825e-26   1.874451e-04   2.791876e-27   576
  6.421669e-01   6.156014e-26   1.929285e-04   2.687764e-27   792
  6.434346e-01   7.156425e-26   2.205530e-04   3.115812e-27   792
  6.443636e-01   6.981679e-26   2.378641e-04   3.567076e-27   720
  6.456200e-01   5.968947e-26   2.711104e-04   2.525916e-27   656
  6.467974e-01   6.510681e-26   2.960385e-04   2.978815e-27   816
  6.480043e-01   5.883323e-26   1.596190e-04   3.982623e-27   492
  6.486903e-01   6.907325e-26   2.296231e-04   3.547433e-27   552
  6.499778e-01   5.072189e-26   3.992867e-04   2.749550e-27   780
  6.508139e-01   5.982507e-26   2.452771e-04   3.683314e-27   528
  6.517148e-01   4.630219e-26   2.863130e-04   2.110094e-27   600
  6.530425e-01   6.606953e-26   2.379487e-04   2.640328e-27   900
  6.539577e-01   5.843379e-26   1.317325e-04   3.202100e-27   696
  6.552168e-01   5.197112e-26   3.330907e-04   2.934174e-27   696
  6.564349e-01   4.253970e-26   1.351317e-04   1.736503e-27   552
  6.574592e-01   4.247788e-26   1.571457e-04   2.153729e-27   708
  6.585322e-01   5.025633e-26   2.594565e-04   2.283932e-27   876
  6.596487e-01   5.904967e-26   1.377663e-04   6.880912e-27   216
  6.603980e-01   5.051627e-26   3.768094e-04   2.033212e-27   1032
  6.615201e-01   3.977656e-26   4.195357e-04   2.221838e-27   600
  6.626848e-01   3.555474e-26   2.001869e-04   2.308438e-27   600
  6.635732e-01   4.401779e-26   3.535112e-04   2.088128e-27   528
  6.646233e-01   4.376548e-26   1.940622e-04   2.187796e-27   732
  6.657296e-01   4.814602e-26   1.432973e-04   3.337411e-27   336
  6.670031e-01   3.979676e-26   2.042271e-04   1.953560e-27   912
  6.679548e-01   3.174728e-26   2.049821e-04   1.437070e-27   624
  6.689946e-01   4.361216e-26   1.727341e-04   1.994040e-27   768
  6.702082e-01   3.990189e-26   3.116463e-04   1.556260e-27   792
  6.713995e-01   3.718789e-26   1.545014e-04   2.114763e-27   660
  6.722471e-01   3.836795e-26   2.276826e-04   2.514417e-27   504
  6.731238e-01   3.047547e-26   3.719898e-04   1.551842e-27   480
  6.744376e-01   2.516869e-26   3.440421e-04   1.031827e-27   912
  6.754664e-01   3.772553e-26   3.831443e-04   2.327855e-27   432
  6.764380e-01   3.486831e-26   2.275021e-04   2.030167e-27   564
  6.773006e-01   3.114743e-26   2.177508e-04   1.398060e-27   600
  6.785149e-01   3.745354e-26   3.035240e-04   1.661537e-27   876
  6.794272e-01   3.177699e-26   1.364735e-04   2.782805e-27   264
  6.806846e-01   3.249214e-26   2.648123e-04   1.903111e-27   560
  6.816953e-01   2.940276e-26   1.799457e-04   1.213888e-27   840
  6.829222e-01   2.429093e-26   2.774244e-04   1.159873e-27   1008
  6.840568e-01   2.028250e-26   1.241010e-04   9.999226e-28   456
  6.850930e-01   3.375187e-26   1.607553e-04   2.029323e-27   576
  6.860509e-01   3.000244e-26   2.470177e-04   1.587177e-27   612
  6.873140e-01   2.914137e-26   2.206269e-04   1.361025e-27   780
  6.883444e-01   2.860113e-26   2.528284e-04   1.286481e-27   648
  6.893992e-01   2.942097e-26   1.178213e-04   2.330301e-27   312
  6.900734e-01   1.993841e-26   2.993645e-04   9.274787e-28   528
  6.912414e-01   1.984052e-26   3.909551e-04   8.031762e-28   720
  6.923583e-01   2.743383e-26   3.921794e-04   1.702964e-27   576
  6.937124e-01   2.199953e-26   3.383053e-04   1.401817e-27   444
  6.945549e-01   2.579289e-26   3.317685e-04   1.038396e-27   996
  6.955874e-01   2.034120e-26   2.771265e-04   1.469698e-27   432
  6.965633e-01   2.540247e-26   3.033990e-04   1.256130e-27   504
  6.974062e-01   1.717185e-26   1.367883e-04   1.190685e-27   504
  6.986065e-01   2.604357e-26   2.692009e-04   1.099563e-27   876
  6.996926e-01   2.049115e-26   3.098246e-04   1.175975e-27   504
  7.008236e-01   1.804681e-26   1.975899e-04   8.864465e-28   696
  7.017583e-01   2.220940e-26   1.689187e-04   1.120586e-27   492
  7.030300e-01   1.720740e-26   2.418152e-04   1.119155e-27   432
  7.039719e-01   2.311543e-26   2.264335e-04   1.006321e-27   768
  7.050885e-01   1.736982e-26   2.820533e-04   8.349505e-28   648
  7.061547e-01   1.534094e-26   1.840095e-04   1.009301e-27   456
  7.073798e-01   1.842792e-26   2.530430e-04   1.082314e-27   552
  7.082306e-01   1.651138e-26   1.734358e-04   8.044948e-28   648
  7.094016e-01   1.610063e-26   2.826907e-04   5.870795e-28   840
  7.105454e-01   1.721992e-26   1.348092e-04   9.644489e-28   432
  7.116906e-01   1.760813e-26   1.651183e-04   1.022179e-27   600
  7.124870e-01   2.170292e-26   1.759227e-04   1.197171e-27   432
  7.138248e-01   1.959884e-26   1.751482e-04   9.638130e-28   560
  7.147308e-01   1.339851e-26   2.772412e-04   5.900982e-28   840
  7.158652e-01   1.650754e-26   1.642140e-04   9.017884e-28   504
  7.167662e-01   1.264858e-26   3.351509e-04   5.577437e-28   696
  7.180362e-01   1.734134e-26   1.830475e-04   1.116136e-27   384
  7.190254e-01   1.147192e-26   2.681431e-04   5.597457e-28   576
  7.202219e-01   1.263269e-26   1.654845e-04   7.586006e-28   360
  7.211864e-01   1.464623e-26   2.464465e-04   6.397856e-28   828
  7.222268e-01   1.165453e-26   2.195064e-04   7.364210e-28   372
  7.231800e-01   1.224915e-26   3.352284e-04   5.326412e-28   576
  7.244428e-01   1.535460e-26   1.403933e-04   7.255506e-28   636
  7.253425e-01   1.317910e-26   2.706420e-04   6.006944e-28   648
  7.265596e-01   1.117472e-26   2.200024e-04   5.424787e-28   576
  7.274333e-01   1.292042e-26   3.548870e-04   7.354713e-28   528
  7.285953e-01   1.315226e-26   1.517289e-04   8.582460e-28   360
  7.295571e-01   9.979443e-27   3.490332e-04   4.199854e-28   672
  7.308130e-01   1.310408e-26   1.787806e-04   5.722469e-28   804
  7.318582e-01   1.182667e-26   1.972163e-04   7.195542e-28   408
  7.330145e-01   1.334379e-26   1.219011e-04   7.894399e-28   384
  7.337931e-01   8.643802e-27   2.789567e-04   5.815732e-28   480
  7.348913e-01   9.130377e-27   1.802469e-04   4.774343e-28   432
  7.359446e-01   1.237850e-26   3.321566e-04   5.273327e-28   648
  7.371913e-01   1.153047e-26   2.061016e-04   5.159293e-28   624
  7.381033e-01   9.662470e-27   1.874668e-04   5.803858e-28   456
  7.393486e-01   9.719652e-27   2.560963e-04   5.153982e-28   588
  7.401831e-01   9.068505e-27   1.633884e-04   4.234969e-28   600
  7.414016e-01   8.911899e-27   2.548458e-04   4.705570e-28   708
  7.423640e-01   9.823864e-27   1.605479e-04   5.917825e-28   360
  7.434275e-01   1.120452e-26   1.845541e-04   6.267684e-28   552
  7.444470e-01   9.148328e-27   1.294691e-04   7.643989e-28   288
  7.454820e-01   8.432977e-27   2.434372e-04   4.303911e-28   528
  7.464545e-01   9.808255e-27   1.642340e-04   4.410041e-28   456
  7.475410e-01   9.172782e-27   2.912225e-04   4.973853e-28   608
  7.486338e-01   8.167481e-27   1.408967e-04   4.218412e-28   504
  7.498278e-01   5.552133e-27   3.024972e-04   2.849742e-28   540
  7.507642e-01   1.081188e-26   3.247222e-04   5.642629e-28   360
  7.517735e-01   1.099626e-26   1.470509e-04   5.656387e-28   540
  7.526661e-01   8.206161e-27   1.262606e-04   4.309865e-28   576
  7.539642e-01   8.905894e-27   2.927555e-04   4.780680e-28   588
  7.551985e-01   8.115571e-27   4.039143e-04   4.144550e-28   672
  7.562588e-01   9.333544e-27   3.087151e-04   4.026741e-28   552
  7.571135e-01   7.059327e-27   3.088712e-04   5.978056e-28   144
  7.582042e-01   8.787086e-27   2.624178e-04   4.414514e-28   600
  7.592383e-01   6.226209e-27   3.288668e-04   3.734368e-28   504
  7.603860e-01   7.458817e-27   3.378126e-04   5.247155e-28   336
  7.615932e-01   6.934983e-27   3.797028e-04   3.331096e-28   600
  7.626744e-01   6.604818e-27   2.450478e-04   4.093572e-28   636
  7.638413e-01   7.442196e-27   1.970206e-04   5.988966e-28   384
  7.646595e-01   7.697522e-27   2.748205e-04   3.940762e-28   504
  7.658387e-01   6.482377e-27   1.153383e-04   5.167977e-28   240
  7.667694e-01   6.609957e-27   2.709461e-04   2.717529e-28   744
  7.678860e-01   5.927200e-27   1.850150e-04   2.789330e-28   648
  7.688783e-01   1.180267e-26   1.228185e-04   9.889094e-28   120
  7.700414e-01   5.421017e-27   1.929319e-04   2.809680e-28   564
  7.709202e-01   7.368937e-27   3.030111e-04   4.863971e-28   432
  7.720932e-01   5.161515e-27   2.351965e-04   2.870280e-28   480
  7.729764e-01   4.185722e-27   1.731106e-04   2.427256e-28   456
  7.740189e-01   6.473648e-27   2.864725e-04   4.175230e-28   444
  7.752020e-01   5.537098e-27   4.383180e-04   3.848126e-28   528
  7.762412e-01   7.392935e-27   3.255297e-04   5.830784e-28   264
  7.772498e-01   5.508229e-27   3.336195e-04   3.452778e-28   444
  7.786065e-01   6.092847e-27   3.654311e-04   2.751160e-28   696
  7.797327e-01   6.565751e-27   1.954448e-04   4.491469e-28   384
  7.805563e-01   4.410520e-27   2.469609e-04   2.399413e-28   432
  7.818373e-01   6.493574e-27   1.706384e-04   3.508940e-28   488
  7.826690e-01   6.482996e-27   2.571733e-04   3.741602e-28   480
  7.838749e-01   4.903640e-27   2.868014e-04   3.062530e-28   480
  7.848089e-01   4.012657e-27   1.203331e-04   2.692170e-28   240
  7.858692e-01   5.620872e-27   2.810886e-04   3.310314e-28   600
  7.868694e-01   3.491018e-27   2.449399e-04   2.734678e-28   288
  7.879343e-01   4.624481e-27   2.356143e-04   2.784769e-28   480
  7.890129e-01   4.003307e-27   4.191157e-04   2.664945e-28   504
  7.900748e-01   4.824947e-27   1.798267e-04   3.108187e-28   216
  7.914291e-01   4.410716e-27   2.944050e-04   2.784181e-28   504
  7.924838e-01   3.624829e-27   2.367912e-04   2.075914e-28   456
  7.936384e-01   5.494327e-27   1.358038e-04   2.905314e-28   384
  7.944031e-01   5.987717e-27   2.756326e-04   4.031650e-28   480
  7.954897e-01   3.255010e-27   2.420363e-04   2.328084e-28   504
  7.964966e-01   4.418505e-27   1.535327e-04   3.189768e-28   312
  7.975815e-01   4.650114e-27   2.474127e-04   3.196888e-28   492
  7.985417e-01   5.706584e-27   2.318919e-04   4.313536e-28   312
  7.997779e-01   3.676740e-27   3.766899e-04   2.286936e-28   576
  8.008661e-01   4.775715e-27   3.477153e-04   3.599701e-28   336
  8.017699e-01   2.432993e-27   2.677247e-04   2.185494e-28   240
  8.030228e-01   4.040256e-27   3.549351e-04   2.478820e-28   468
  8.041047e-01   3.954919e-27   2.222407e-04   3.559290e-28   192
  8.052370e-01   3.296224e-27   2.229031e-04   2.674978e-28   324
  8.060669e-01   3.748821e-27   1.617794e-04   1.911313e-28   600
  8.071978e-01   4.283171e-27   2.624704e-04   2.246510e-28   456
  8.080377e-01   4.152569e-27   1.180592e-04   3.069826e-28   336
  8.094297e-01   4.308394e-27   3.535027e-04   2.560115e-28   612
  8.104424e-01   3.872877e-27   2.966749e-04   6.589233e-28   144
  8.114002e-01   4.074892e-27   3.462957e-04   2.096091e-28   552
  8.127025e-01   2.018541e-27   1.363755e-04   1.561929e-28   264
  8.134384e-01   3.254244e-27   3.157441e-04   2.539634e-28   336
  8.145992e-01   2.408553e-27   2.086329e-04   1.657683e-28   384
  8.156059e-01   3.593207e-27   1.174397e-04   3.245447e-28   216
  8.167203e-01   2.279885e-27   2.489964e-04   1.633752e-28   344
  8.177364e-01   2.571945e-27   3.715143e-04   1.808799e-28   408
  8.189746e-01   2.328042e-27   2.854845e-04   2.120847e-28   264
  8.200718e-01   3.322405e-27   3.979796e-04   2.233448e-28   612
  8.211681e-01   4.646432e-27   2.048307e-04   3.511475e-28   408
  8.222956e-01   2.955411e-27   2.051251e-04   2.728882e-28   444
  8.231239e-01   5.998932e-27   1.147249e-04   5.728507e-28   120
  8.242338e-01   3.510253e-27   3.169640e-04   3.139257e-28   336
  8.250576e-01   2.591641e-27   1.101437e-04   2.250422e-28   288
  8.261708e-01   2.685573e-27   3.427692e-04   1.587906e-28   552
  8.277012e-01   3.936704e-27   1.835347e-08   5.082433e-28   72
  8.284882e-01   2.782052e-27   3.404572e-04   2.137435e-28   504
  8.294074e-01   1.150408e-27   1.095558e-04   9.559257e-29   216
  8.305983e-01   2.078105e-27   1.956043e-04   1.730627e-28   312
  8.316675e-01   2.042468e-27   2.227263e-04   1.824796e-28   336
  8.326865e-01   1.676860e-27   3.087236e-04   1.856043e-28   204
  8.337014e-01   4.016957e-27   3.587838e-04   3.079327e-28   504
  8.347777e-01   3.433020e-27   3.416652e-04   2.740828e-28   396
  8.358127e-01   2.799452e-27   3.133249e-04   2.625395e-28   312
  8.370674e-01   4.007225e-27   1.914750e-04   4.016945e-28   216
  8.379516e-01   2.071210e-27   1.039172e-04   1.782368e-28   168
  8.390260e-01   2.083334e-27   2.623966e-04   1.258220e-28   588
  8.402521e-01   1.631846e-27   3.561727e-04   2.277530e-28   240
  8.412047e-01   1.470629e-27   3.145601e-04   1.379226e-28   264
  8.423219e-01   1.824353e-27   3.890183e-04   1.698094e-28   288
  8.433131e-01   1.988620e-27   1.942596e-04   2.039707e-28   288
  8.445693e-01   1.607387e-27   1.824407e-04   1.348474e-28   288
  8.454153e-01   1.390451e-27   2.113423e-04   1.280948e-28   192
  8.464795e-01   1.001252e-27   2.248894e-04   8.251089e-29   264
  8.474933e-01   3.690668e-27   3.699119e-04   2.640621e-28   372
  8.485844e-01   3.679341e-27   3.995208e-04   2.933617e-28   360
  8.499161e-01   3.295692e-27   1.690810e-04   4.334889e-28   144
  8.506044e-01   1.797735e-27   2.348461e-04   2.132446e-28   296
  8.516909e-01   1.846787e-27   2.530345e-04   1.581528e-28   288
  8.529347e-01   1.734317e-27   3.781537e-04   1.208300e-28   480
  8.540076e-01   1.300111e-27   3.142096e-04   2.284557e-28   192
  8.550509e-01   2.380664e-27   3.370327e-04   2.859918e-28   192
  8.559992e-01   1.582799e-27   2.147949e-04   1.481783e-28   288
  8.573180e-01   6.815188e-28   1.869760e-04   6.590375e-29   108
  8.579823e-01   1.675082e-27   1.797545e-04   1.402446e-28   240
  8.591554e-01   1.037358e-27   3.353363e-04   1.188654e-28   384
  8.603605e-01   1.843986e-27   4.090723e-04   2.365716e-28   108
  8.614261e-01   2.535105e-27   2.398466e-04   1.740822e-28   348
  8.625466e-01   1.705138e-27   2.503134e-04   1.842514e-28   312
  8.635474e-01   1.604276e-27   2.432319e-04   3.592521e-28   96
  8.644677e-01   1.338120e-27   3.238194e-04   1.226088e-28   384
  8.654984e-01   1.395058e-27   2.227222e-04   1.595414e-28   144
  8.665066e-01   1.487805e-27   3.422225e-04   1.235359e-28   408
  8.677598e-01   5.559930e-28   1.526554e-04   5.643571e-29   144
  8.689437e-01   1.568162e-27   2.934816e-04   1.875422e-28   192
  8.696459e-01   1.954757e-27   3.303190e-04   1.603448e-28   144
  8.707904e-01   7.173260e-28   2.685615e-04   8.247075e-29   144
  8.718702e-01   1.304529e-27   3.282257e-04   1.269802e-28   336
  8.731927e-01   6.024882e-28   2.428454e-04   5.195651e-29   240
  8.740312e-01   7.943132e-28   1.102739e-04   1.373207e-28   96
  8.752007e-01   1.782287e-27   3.233803e-04   1.717417e-28   372
  8.763838e-01   1.144809e-27   3.846540e-04   2.088717e-28   132
  8.774230e-01   6.147140e-28   2.380193e-04   4.311631e-29   264
  8.783527e-01   1.601078e-27   1.827880e-04   2.253980e-28   168
  8.793449e-01   1.121929e-27   2.922429e-04   1.063695e-28   216
  8.802213e-01   1.255918e-27   1.787978e-04   2.588153e-28   216
  8.814979e-01   3.481567e-28   3.280196e-04   3.438453e-29   96
  8.826561e-01   1.602562e-27   2.140028e-04   2.308027e-28   120
  8.837183e-01   7.653328e-28   2.720578e-04   7.521077e-29   216
  8.845934e-01   6.082726e-28   1.188902e-04   6.506605e-29   200
  8.857519e-01   8.473688e-28   3.077557e-04   1.032695e-28   288
  8.872378e-01   2.572642e-28   8.097649e-05   2.224118e-29   144
  8.878635e-01   9.060284e-28   2.519939e-04   1.213904e-28   168
  8.891412e-01   1.643707e-27   2.835956e-04   2.898162e-28   159
  8.901386e-01   5.658576e-28   2.975600e-04   6.470060e-29   174
  8.911039e-01   5.877664e-28   2.698170e-04   5.662788e-29   144
  8.923678e-01   9.182031e-28   1.557998e-04   9.732891e-29   222
  8.932131e-01   4.230964e-28   1.572158e-04   5.176673e-29   168
  8.946732e-01   1.069092e-27   3.448346e-04   1.571598e-28   30
  8.952763e-01   1.742979e-28   3.044637e-04   1.573321e-29   72
  8.964123e-01   5.362474e-28   2.717302e-04   6.107096e-29   258
  8.976612e-01   4.207376e-28   1.701916e-04   3.755894e-29   264
  8.982857e-01   5.935135e-28   0.000000e+00   9.616702e-29   72
  8.995871e-01   2.924698e-28   3.373270e-04   5.579627e-29   174
  9.007654e-01   4.780893e-28   3.591909e-04   6.608247e-29   168
  9.017127e-01   1.275872e-28   1.123916e-08   9.646508e-30   48
  9.027297e-01   3.088801e-28   2.028435e-04   7.131325e-29   150
  9.039088e-01   5.727047e-28   3.731453e-04   4.475668e-29   168
  9.050911e-01   2.459615e-28   2.273028e-04   1.928650e-29   144
  9.061784e-01   7.552158e-28   2.123525e-04   1.291561e-28   102
  9.069882e-01   1.376335e-28   3.143182e-04   1.379201e-29   96
  9.082731e-01   1.259050e-28   3.119397e-04   9.722962e-30   120
  9.092246e-01   1.008275e-28   3.345635e-04   6.728760e-30   168
  9.102538e-01   6.132568e-28   2.470487e-04   5.688856e-29   126
  9.111308e-01   4.396016e-28   1.863241e-04   6.532341e-29   168
  9.123389e-01   1.676845e-28   2.987709e-04   1.758325e-29   72
  9.133947e-01   1.610870e-28   3.741278e-04   1.079257e-29   168
  9.143196e-01   5.993457e-28   1.025668e-04   1.623373e-28   78
  9.155870e-01   1.483338e-28   1.684070e-04   1.342806e-29   60
  9.166075e-01   7.303530e-28   2.731835e-04   9.460493e-29   96
  9.176659e-01   2.218556e-28   3.314854e-04   2.004084e-29   168
  9.186605e-01   2.696083e-28   2.097511e-04   6.676109e-29   86
  9.197042e-01   8.235898e-29   1.874678e-04   8.081893e-30   120
  9.212002e-01   1.269794e-28   1.336894e-04   9.690713e-30   168
  9.220069e-01   1.101276e-28   0.000000e+00   1.449547e-29   48
  9.230934e-01   3.086586e-28   2.435676e-04   3.131965e-29   120
  9.237177e-01   1.709463e-28   1.776924e-04   2.797998e-29   126
  9.252418e-01   1.727616e-28   3.125113e-04   1.531878e-29   96
  9.262310e-01   1.890799e-28   9.011285e-05   1.623905e-29   96
  9.270111e-01   1.147006e-28   0.000000e+00   9.650427e-30   72
  9.286731e-01   1.051928e-28   1.123916e-08   1.638107e-29   24
  9.297104e-01   2.252468e-28   1.854501e-04   3.631012e-29   120
  9.305196e-01   1.975074e-28   2.705147e-04   2.399757e-29   126
  9.314194e-01   7.914781e-29   2.255107e-04   7.275213e-30   96
  9.324708e-01   5.336009e-29   3.897482e-04   4.178735e-30   72
  9.336415e-01   9.048182e-29   1.685792e-04   6.934918e-30   144
  9.346046e-01   1.200575e-28   9.723254e-05   1.281221e-29   72
  9.355666e-01   1.927125e-28   1.942081e-04   5.881190e-29   54
  9.364132e-01   2.047062e-28   1.711436e-04   2.824802e-29   108
  9.381728e-01   1.858989e-28   1.677650e-04   1.854160e-29   72
  9.387206e-01   1.659000e-28   9.680617e-05   2.525807e-29   72
  9.400202e-01   1.263769e-28   1.946680e-08   1.702140e-29   24
  9.412498e-01   4.444203e-29   2.047976e-04   4.297612e-30   48
  9.419964e-01   1.454761e-28   1.560029e-04   3.288522e-29   102
  9.431203e-01   1.003747e-28   3.528137e-04   9.069314e-30   168
  9.445889e-01   4.999155e-29   1.924163e-04   3.828296e-30   72
  9.451330e-01   6.574490e-29   0.000000e+00   8.937328e-30   48
  9.462744e-01   8.665798e-29   3.309678e-04   6.576880e-30   120
  9.477807e-01   6.426712e-29   2.033864e-04   4.891052e-30   96
  9.492033e-01   2.792902e-28   2.202416e-08   9.227939e-29   30
  9.508942e-01   1.477936e-28   9.555995e-05   1.360575e-29   72
  9.516372e-01   9.352741e-29   1.123916e-08   1.718475e-29   24
  9.525916e-01   3.019843e-29   1.416435e-04   2.443912e-30   56
  9.536606e-01   3.090247e-29   2.021324e-04   2.061406e-30   96
  9.549399e-01   6.170039e-29   2.232036e-04   4.788238e-30   144
  9.559263e-01   1.071298e-28   1.267263e-04   2.584443e-29   54
  9.573592e-01   6.222460e-29   1.898493e-04   4.295074e-30   108
  9.588012e-01   1.345075e-28   1.005243e-04   1.940676e-29   48
  9.601739e-01   7.675337e-29   3.785063e-04   6.106393e-30   72
  9.634680e-01   8.062782e-29   2.500803e-04   7.502976e-30   78
  9.643808e-01   2.469608e-29   1.884669e-04   1.552743e-30   72
  9.654462e-01   3.789002e-29   1.882329e-04   2.799948e-30   72
  9.665603e-01   5.453895e-29   4.542266e-04   5.000613e-30   96
  9.674408e-01   3.701306e-29   1.878449e-04   3.561859e-30   72
  9.685029e-01   4.035644e-29   0.000000e+00   4.678798e-30   24
  9.695638e-01   4.722657e-29   3.748416e-04   3.352293e-30   72
  9.719599e-01   5.829168e-29   2.380359e-04   6.287233e-30   30
  9.724755e-01   7.918514e-29   0.000000e+00   8.514794e-30   24
  9.752466e-01   2.589537e-29   1.976584e-04   2.985095e-30   48
  9.761159e-01   3.832150e-29   4.253608e-04   3.174663e-30   120
  9.772870e-01   2.673429e-29   1.859776e-04   1.772973e-30   72
  9.784697e-01   3.130838e-29   1.857528e-04   3.625235e-30   36
  9.792826e-01   4.857906e-29   3.671339e-04   6.543471e-30   78
  9.815513e-01   4.552121e-29   1.963888e-04   5.301950e-30   48
  9.844928e-01   7.235969e-29   1.589457e-08   1.073763e-29   24
  9.865884e-01   2.175163e-29   1.367612e-04   1.557436e-30   56
  9.876436e-01   3.010817e-29   2.104496e-04   2.957908e-30   102
  9.889860e-01   3.008151e-29   1.498555e-08   2.517702e-30   72
  9.897653e-01   3.445523e-29   0.000000e+00   5.703313e-30   24
  9.911277e-01   3.062271e-29   1.944913e-04   3.012963e-30   48
  9.936528e-01   3.674448e-29   0.000000e+00   6.830319e-30   24
  9.967520e-01   4.832719e-29   0.000000e+00   3.406234e-30   6
  9.977185e-01   1.290925e-29   0.000000e+00   1.886610e-30   24
  9.983623e-01   2.244220e-29   1.820511e-04   1.663224e-30   72
  9.995384e-01   2.610840e-29   3.396336e-04   2.237872e-30   84
  1.000805e+00   3.284877e-29   0.000000e+00   5.618829e-30   24
  1.001190e+00   2.012746e-29   1.589457e-08   2.314939e-30   24
  1.003114e+00   3.311685e-29   1.123916e-08   5.231627e-30   24
  1.005800e+00   5.969535e-29   0.000000e+00   2.487302e-29   6
  1.009244e+00   1.614219e-29   1.910001e-04   1.788163e-30   48
  1.010072e+00   1.860921e-29   3.598129e-04   1.327012e-30   72
  1.011152e+00   2.369878e-29   1.906396e-04   2.246830e-30   48
  1.012867e+00   2.487198e-29   0.000000e+00   3.496433e-30   24
  1.015148e+00   2.960386e-29   1.123916e-08   6.767330e-30   6
  1.020262e+00   1.594431e-29   0.000000e+00   2.549206e-30   8
  1.020640e+00   1.699547e-29   1.123916e-08   1.664839e-30   48
  1.021546e+00   1.739865e-29   1.848806e-04   1.528755e-30   60
  1.022904e+00   2.149816e-29   0.000000e+00   2.680687e-30   24
  1.024787e+00   1.473630e-29   0.000000e+00   2.768423e-30   6
  1.031723e+00   1.647628e-29   0.000000e+00   1.848840e-30   24
  1.032283e+00   1.631059e-29   1.867372e-04   1.643180e-30   48
  1.033217e+00   1.709802e-29   0.000000e+00   1.595193e-30   24
  1.034708e+00   1.509006e-29   1.123916e-08   3.006013e-30   6
  1.043181e+00   1.546340e-29   1.742080e-04   1.730026e-30   36
  1.043797e+00   1.430162e-29   0.000000e+00   1.562026e-30   24
  1.044904e+00   1.941993e-29   0.000000e+00   3.502106e-30   6
  1.054545e+00   1.434601e-29   1.583190e-04   2.036790e-30   32
  1.055367e+00   1.838089e-29   1.123916e-08   4.584571e-30   6
  1.065728e+00   2.646169e-29   0.000000e+00   6.164112e-30   12
  1.066089e+00   1.010268e-29   0.000000e+00   3.966040e-30   6
  1.077063e+00   1.770890e-29   1.589457e-08   3.295931e-30   6
