# power spectrum of chi
# redshift z=10.000000
# k              Pk             sigma(k)       sigma(Pk)      count
  1.963495e-02   1.473904e-20   0.000000e+00   4.583500e-21   6
  2.776802e-02   5.624219e-20   0.000000e+00   1.425236e-20   12
  3.400874e-02   3.223204e-20   3.725290e-10   1.392456e-20   8
  3.926991e-02   1.949352e-20   0.000000e+00   7.503349e-21   6
  4.390509e-02   2.141309e-20   0.000000e+00   4.866990e-21   24
  4.809562e-02   2.531563e-20   7.024475e-10   3.578215e-21   24
  5.553604e-02   2.853409e-20   0.000000e+00   9.614417e-21   12
  5.890486e-02   2.053109e-20   7.947286e-10   2.973749e-21   30
  6.209118e-02   9.630563e-21   0.000000e+00   1.799348e-21   24
  6.512178e-02   1.354348e-20   1.216675e-09   2.862627e-21   24
  6.801748e-02   9.873635e-21   7.450581e-10   2.630826e-21   8
  7.079483e-02   1.000324e-20   9.934107e-10   2.941751e-21   24
  7.346727e-02   9.956660e-21   0.000000e+00   1.530517e-21   48
  7.853982e-02   3.425296e-21   0.000000e+00   8.081138e-22   6
  8.095699e-02   6.578987e-21   1.404895e-09   9.369057e-22   48
  8.330406e-02   6.434656e-21   0.000000e+00   1.280038e-21   36
  8.558678e-02   5.917686e-21   9.934107e-10   9.530036e-22   24
  8.781018e-02   7.578145e-21   0.000000e+00   1.301347e-21   24
  8.997866e-02   5.938724e-21   0.000000e+00   7.448870e-22   48
  9.209610e-02   7.877338e-21   1.404895e-09   1.092681e-21   24
  9.619124e-02   4.145028e-21   1.404895e-09   5.545066e-22   24
  9.817477e-02   3.170348e-21   0.000000e+00   5.256663e-22   30
  1.001190e-01   5.159082e-21   0.000000e+00   6.031170e-22   72
  1.020262e-01   3.246039e-21   1.490116e-09   4.863343e-22   32
  1.057375e-01   3.529415e-21   0.000000e+00   3.746943e-22   72
  1.075451e-01   2.647865e-21   0.000000e+00   4.015649e-22   48
  1.110721e-01   4.028815e-21   0.000000e+00   1.370961e-21   12
  1.127942e-01   2.650024e-21   0.000000e+00   3.919705e-22   48
  1.144905e-01   2.961886e-21   0.000000e+00   3.856368e-22   48
  1.161620e-01   3.176003e-21   1.404895e-09   5.032538e-22   48
  1.178097e-01   3.633684e-21   1.589457e-09   7.397740e-22   30
  1.194348e-01   2.373793e-21   1.404895e-09   3.214520e-22   24
  1.210380e-01   2.575097e-21   2.961779e-09   3.107966e-22   72
  1.241824e-01   2.353029e-21   0.000000e+00   6.636623e-22   24
  1.257251e-01   1.753273e-21   0.000000e+00   1.891804e-22   96
  1.272490e-01   1.741110e-21   0.000000e+00   2.618050e-22   48
  1.287550e-01   1.334727e-21   2.433349e-09   1.614038e-22   24
  1.302436e-01   2.825775e-21   2.433349e-09   4.191993e-22   24
  1.317153e-01   1.687833e-21   0.000000e+00   1.778185e-22   72
  1.331707e-01   1.131451e-21   0.000000e+00   1.668217e-22   48
  1.360350e-01   2.071356e-21   1.490116e-09   4.653697e-22   8
  1.374447e-01   1.723860e-21   1.766064e-09   1.958790e-22   54
  1.388401e-01   1.737011e-21   0.000000e+00   1.617588e-22   84
  1.402216e-01   1.018262e-21   0.000000e+00   1.383071e-22   48
  1.415897e-01   1.047783e-21   1.986821e-09   1.436624e-22   24
  1.429446e-01   1.506673e-21   1.873193e-09   1.840277e-22   72
  1.442869e-01   9.128898e-22   0.000000e+00   9.441472e-23   96
  1.469345e-01   1.253607e-21   0.000000e+00   1.660969e-22   48
  1.482407e-01   6.904534e-22   0.000000e+00   1.093610e-22   48
  1.495354e-01   1.061610e-21   1.986821e-09   1.936495e-22   24
  1.508189e-01   1.047338e-21   0.000000e+00   1.003193e-22   72
  1.533539e-01   9.003102e-22   1.873193e-09   1.481080e-22   72
  1.546058e-01   7.721052e-22   0.000000e+00   8.442321e-23   96
  1.570796e-01   7.406582e-22   0.000000e+00   1.924600e-22   6
  1.583021e-01   7.742613e-22   0.000000e+00   9.389289e-23   96
  1.595151e-01   7.746215e-22   1.986821e-09   9.059310e-23   96
  1.607190e-01   1.112375e-21   0.000000e+00   2.817193e-22   24
  1.619140e-01   7.500574e-22   2.809790e-09   8.816761e-23   48
  1.631002e-01   5.797229e-22   0.000000e+00   4.886841e-23   96
  1.642778e-01   8.145127e-22   0.000000e+00   1.302548e-22   48
  1.666081e-01   5.721761e-22   0.000000e+00   1.391599e-22   36
  1.677611e-01   3.965322e-22   3.441276e-09   5.751111e-23   48
  1.689063e-01   4.301803e-22   3.893359e-09   3.127595e-23   120
  1.700437e-01   5.500772e-22   0.000000e+00   1.202437e-22   56
  1.711736e-01   4.796697e-22   1.986821e-09   9.727189e-23   24
  1.722960e-01   5.923796e-22   0.000000e+00   5.590141e-23   96
  1.734112e-01   5.640025e-22   0.000000e+00   8.395569e-23   48
  1.756204e-01   3.214425e-22   0.000000e+00   4.472705e-23   24
  1.767146e-01   4.898249e-22   0.000000e+00   4.790154e-23   102
  1.778021e-01   4.891308e-22   0.000000e+00   6.114769e-23   48
  1.788829e-01   5.376087e-22   0.000000e+00   6.518291e-23   72
  1.799573e-01   4.248178e-22   0.000000e+00   8.051946e-23   48
  1.810253e-01   4.975885e-22   0.000000e+00   5.818599e-23   48
  1.820871e-01   5.339234e-22   4.495664e-09   4.236454e-23   120
  1.841922e-01   5.833268e-22   2.809790e-09   1.144263e-22   24
  1.852358e-01   3.292387e-22   2.649095e-09   2.635713e-23   144
  1.862735e-01   2.750052e-22   3.178914e-09   2.403634e-23   120
  1.873055e-01   3.001012e-22   2.809790e-09   3.425926e-23   48
  1.893526e-01   3.066129e-22   2.809790e-09   2.814184e-23   48
  1.903679e-01   3.937417e-22   2.809790e-09   2.985087e-23   96
  1.930487e-01   3.762935e-22   4.711199e-04   4.004312e-23   72
  1.943761e-01   3.252290e-22   3.532127e-09   3.211492e-23   108
  1.953653e-01   2.751366e-22   0.000000e+00   2.476495e-23   72
  1.963495e-01   2.797712e-22   0.000000e+00   4.957060e-23   30
  1.973288e-01   2.484171e-22   0.000000e+00   1.909868e-23   168
  1.983033e-01   3.486596e-22   0.000000e+00   4.791115e-23   48
  2.002380e-01   2.563542e-22   0.000000e+00   2.355508e-23   72
  2.011984e-01   2.469452e-22   0.000000e+00   2.457984e-23   96
  2.021542e-01   2.597786e-22   5.298191e-09   2.986940e-23   72
  2.031055e-01   2.926519e-22   0.000000e+00   2.708693e-23   72
  2.047049e-01   2.649421e-22   4.350048e-04   2.513237e-23   104
  2.059331e-01   2.175864e-22   3.746387e-09   1.669634e-23   144
  2.087224e-01   1.764716e-22   6.282881e-09   1.795705e-23   96
  2.096439e-01   1.565158e-22   0.000000e+00   1.417734e-23   96
  2.111095e-01   2.254805e-22   4.475232e-04   1.825210e-23   120
  2.123845e-01   1.603773e-22   0.000000e+00   1.314341e-23   120
  2.132902e-01   1.544982e-22   0.000000e+00   1.828045e-23   72
  2.150901e-01   1.475703e-22   0.000000e+00   2.299385e-23   48
  2.159845e-01   2.072577e-22   4.235416e-09   2.088701e-23   78
  2.171286e-01   1.674531e-22   4.007142e-04   1.338793e-23   168
  2.195255e-01   1.636973e-22   3.746387e-09   1.545338e-23   144
  2.204018e-01   1.591199e-22   3.746387e-09   1.667350e-23   144
  2.229436e-01   1.687529e-22   2.307791e-04   1.212714e-23   156
  2.238729e-01   1.357558e-22   4.866699e-09   2.107769e-23   48
  2.247323e-01   1.467547e-22   3.178914e-09   1.382784e-23   120
  2.255884e-01   1.542881e-22   0.000000e+00   3.534718e-23   48
  2.271022e-01   1.414711e-22   3.532495e-04   8.622197e-24   216
  2.289809e-01   9.641790e-23   0.000000e+00   1.478141e-23   48
  2.298212e-01   1.447923e-22   2.809790e-09   1.421579e-23   96
  2.310160e-01   1.245164e-22   4.128272e-04   8.437079e-24   168
  2.323239e-01   1.311636e-22   2.809790e-09   1.103103e-23   48
  2.331522e-01   9.535723e-23   0.000000e+00   7.932215e-24   96
  2.339775e-01   1.330915e-22   0.000000e+00   2.182812e-23   48
  2.356194e-01   1.095491e-22   3.178914e-09   1.500858e-23   30
  2.364362e-01   1.050332e-22   2.809790e-09   1.004746e-23   96
  2.374123e-01   1.058894e-22   3.244455e-04   5.873809e-24   240
  2.386674e-01   1.128184e-22   3.500299e-04   2.047172e-23   32
  2.396752e-01   8.741467e-23   0.000000e+00   7.835633e-24   168
  2.404781e-01   1.073672e-22   0.000000e+00   8.927532e-24   120
  2.420760e-01   7.847867e-23   5.923557e-09   6.918030e-24   72
  2.428710e-01   8.139009e-23   3.746387e-09   6.938785e-24   144
  2.436634e-01   7.207129e-23   0.000000e+00   8.387839e-24   96
  2.444532e-01   7.295907e-23   0.000000e+00   7.471696e-24   96
  2.460253e-01   8.164588e-23   4.588368e-09   9.476092e-24   72
  2.468075e-01   7.342964e-23   3.973643e-09   7.257653e-24   96
  2.483647e-01   1.169300e-22   0.000000e+00   1.983230e-23   24
  2.491396e-01   8.621122e-23   0.000000e+00   6.096715e-24   192
  2.500522e-01   7.696820e-23   2.970416e-04   5.968108e-24   132
  2.514501e-01   8.897170e-23   0.000000e+00   1.363333e-23   96
  2.522156e-01   9.016170e-23   0.000000e+00   7.392385e-24   96
  2.529787e-01   8.729095e-23   3.178914e-09   6.862773e-24   120
  2.544981e-01   9.210693e-23   0.000000e+00   1.435589e-23   48
  2.557435e-01   7.603130e-23   3.599905e-04   4.715016e-24   222
  2.567603e-01   9.412796e-23   0.000000e+00   6.822780e-24   120
  2.575100e-01   4.766014e-23   4.866699e-09   7.011198e-24   24
  2.586015e-01   6.882129e-23   3.715625e-04   3.582250e-24   312
  2.609797e-01   5.193722e-23   3.483547e-04   4.602515e-24   72
  2.619630e-01   6.247911e-23   2.809790e-09   5.620141e-24   96
  2.629726e-01   5.772395e-23   3.547511e-04   3.688943e-24   192
  2.641613e-01   6.192872e-23   4.495664e-09   4.544408e-24   120
  2.648900e-01   5.513080e-23   0.000000e+00   4.375345e-24   144
  2.663415e-01   7.915375e-23   0.000000e+00   1.224378e-23   48
  2.673732e-01   5.364734e-23   3.567146e-04   3.015390e-24   336
  2.685040e-01   6.471467e-23   0.000000e+00   6.248530e-24   48
  2.699360e-01   5.582922e-23   0.000000e+00   4.007839e-24   192
  2.706492e-01   3.450505e-23   0.000000e+00   4.783947e-24   48
  2.726764e-01   4.689348e-23   2.476067e-04   6.915280e-24   56
  2.736844e-01   5.327310e-23   3.180112e-04   2.816465e-24   336
  2.748894e-01   4.974244e-23   3.532127e-09   6.591321e-24   54
  2.759390e-01   4.640039e-23   3.492904e-04   3.056283e-24   240
  2.781181e-01   4.687453e-23   3.344484e-04   3.025684e-24   228
  2.790651e-01   4.837925e-23   3.746387e-09   6.022099e-24   72
  2.799844e-01   5.349577e-23   3.244231e-04   4.317227e-24   144
  2.811298e-01   4.751470e-23   0.000000e+00   5.003992e-24   96
  2.818146e-01   4.325170e-23   4.495664e-09   2.986328e-24   240
  2.831793e-01   5.298813e-23   3.973643e-09   8.753837e-24   24
  2.840530e-01   4.636830e-23   3.064151e-04   2.572237e-24   336
  2.852142e-01   4.076766e-23   0.000000e+00   4.890991e-24   72
  2.862741e-01   4.527212e-23   3.332831e-04   3.552568e-24   168
  2.872346e-01   5.261231e-23   0.000000e+00   6.382422e-24   72
  2.885737e-01   4.000334e-23   0.000000e+00   3.493067e-24   96
  2.896108e-01   3.085596e-23   3.307829e-04   2.325356e-24   216
  2.905708e-01   3.021160e-23   3.973643e-09   2.950419e-24   96
  2.918946e-01   3.322592e-23   0.000000e+00   2.325166e-24   192
  2.925542e-01   2.923025e-23   3.746387e-09   2.231209e-24   144
  2.938691e-01   3.807067e-23   0.000000e+00   4.554536e-24   48
  2.947794e-01   3.186685e-23   3.189136e-04   2.053830e-24   246
  2.960164e-01   3.541681e-23   2.940434e-04   2.577491e-24   168
  2.971308e-01   3.963399e-23   5.506041e-09   3.674125e-24   120
  2.977788e-01   2.794916e-23   0.000000e+00   1.869360e-24   240
  2.990707e-01   4.334439e-23   3.973643e-09   8.575649e-24   24
  3.001001e-01   2.933685e-23   3.147475e-04   1.679422e-24   360
  3.013820e-01   2.854634e-23   3.134082e-04   2.528339e-24   120
  3.022763e-01   2.546653e-23   0.000000e+00   2.371744e-24   144
  3.029133e-01   3.111508e-23   0.000000e+00   2.544093e-24   96
  3.048165e-01   2.296744e-23   0.000000e+00   1.462361e-24   144
  3.054482e-01   2.372243e-23   0.000000e+00   2.230497e-24   132
  3.063360e-01   2.136488e-23   3.093292e-04   1.368700e-24   176
  3.076248e-01   2.463855e-23   3.123602e-04   1.394296e-24   312
  3.092116e-01   2.356464e-23   0.000000e+00   2.300328e-24   96
  3.098343e-01   1.994719e-23   0.000000e+00   1.446228e-24   144
  3.107899e-01   2.437199e-23   3.092271e-04   1.242759e-24   312
  3.123131e-01   2.562022e-23   0.000000e+00   3.359383e-24   48
  3.129297e-01   2.877299e-23   3.973643e-09   2.127711e-24   192
  3.141593e-01   2.305300e-23   0.000000e+00   3.943655e-24   6
  3.149762e-01   2.000909e-23   2.884066e-04   1.152936e-24   288
  3.162994e-01   2.132177e-23   3.047203e-04   1.416479e-24   192
  3.172124e-01   2.003311e-23   7.064254e-09   1.337992e-24   216
  3.178195e-01   2.518578e-23   0.000000e+00   3.063389e-24   72
  3.193321e-01   2.358148e-23   3.018264e-04   1.690955e-24   192
  3.203366e-01   2.020885e-23   2.241224e-04   1.308734e-24   288
  3.214381e-01   3.005007e-23   0.000000e+00   3.231023e-24   24
  3.222890e-01   1.887180e-23   2.952626e-04   8.465965e-25   456
  3.238280e-01   1.960705e-23   0.000000e+00   2.241271e-24   48
  3.247789e-01   1.951847e-23   2.908218e-04   1.125118e-24   240
  3.258718e-01   1.696668e-23   2.939082e-04   1.175235e-24   216
  3.267908e-01   1.618673e-23   0.000000e+00   1.624817e-24   72
  3.273801e-01   1.903563e-23   1.015467e-08   1.599097e-24   168
  3.290441e-01   1.958551e-23   2.184577e-04   1.263001e-24   288
  3.299773e-01   1.850187e-23   2.890570e-04   1.300117e-24   168
  3.314762e-01   1.410756e-23   0.000000e+00   8.332507e-25   192
  3.320572e-01   1.568190e-23   3.746387e-09   1.077381e-24   144
  3.332162e-01   2.254023e-23   0.000000e+00   2.399247e-24   36
  3.341991e-01   1.739587e-23   2.639705e-04   8.251362e-25   342
  3.351389e-01   1.628940e-23   2.710657e-04   1.374324e-24   144
  3.363470e-01   1.613296e-23   2.842800e-04   8.759940e-25   384
  3.378125e-01   1.737527e-23   7.786718e-09   1.472210e-24   120
  3.385379e-01   1.512068e-23   2.534951e-04   9.384601e-25   264
  3.395201e-01   1.524252e-23   1.256576e-08   1.075179e-24   192
  3.404451e-01   1.519192e-23   2.731894e-04   1.303669e-24   152
  3.412191e-01   1.628426e-23   3.746387e-09   1.133945e-24   144
  3.428472e-01   1.367670e-23   1.768108e-04   7.784318e-25   216
  3.436008e-01   1.436226e-23   2.362665e-04   8.472274e-25   312
  3.449274e-01   1.602032e-23   2.738281e-04   1.090877e-24   240
  3.457090e-01   1.163088e-23   3.973643e-09   1.363135e-24   96
  3.471927e-01   1.081580e-23   2.617995e-04   9.769682e-25   144
  3.481071e-01   1.209530e-23   2.573258e-04   6.070604e-25   456
  3.495904e-01   1.338244e-23   0.000000e+00   1.072033e-24   120
  3.501414e-01   1.142825e-23   0.000000e+00   9.228274e-25   144
  3.512407e-01   7.141737e-24   0.000000e+00   1.600306e-24   24
  3.519456e-01   1.101131e-23   2.473498e-04   6.020379e-25   336
  3.531645e-01   1.203322e-23   2.727931e-04   9.235089e-25   198
  3.543067e-01   1.021723e-23   2.652756e-04   5.189431e-25   432
  3.556041e-01   1.005055e-23   0.000000e+00   1.264480e-24   48
  3.562810e-01   1.128570e-23   2.341925e-04   6.405465e-25   384
  3.574963e-01   1.086460e-23   2.696052e-04   9.534607e-25   144
  3.585975e-01   9.575179e-24   2.676825e-04   6.407349e-25   264
  3.599147e-01   8.722216e-24   3.973643e-09   1.506421e-24   48
  3.607984e-01   9.579437e-24   2.545223e-04   5.732617e-25   276
  3.616510e-01   1.040542e-23   2.307176e-04   6.597416e-25   192
  3.627906e-01   8.447764e-24   2.592759e-04   3.924316e-25   552
  3.641741e-01   8.365501e-24   4.495664e-09   7.501336e-25   120
  3.649965e-01   7.001887e-24   2.624511e-04   4.998896e-25   216
  3.657587e-01   9.826523e-24   6.357829e-09   7.512479e-25   120
  3.671201e-01   9.535107e-24   2.584500e-04   6.123207e-25   408
  3.683844e-01   6.864819e-24   5.619580e-09   9.224509e-25   24
  3.691684e-01   9.068557e-24   2.610810e-04   4.922346e-25   384
  3.702633e-01   7.195893e-24   2.550855e-04   3.902175e-25   240
  3.712141e-01   8.993328e-24   2.569535e-04   7.640854e-25   168
  3.725471e-01   6.558039e-24   0.000000e+00   7.785315e-25   120
  3.734064e-01   7.819843e-24   2.678605e-04   4.259687e-25   350
  3.748037e-01   9.606335e-24   4.409502e-04   5.751428e-25   384
  3.756388e-01   7.699848e-24   0.000000e+00   6.134754e-25   144
  3.771752e-01   7.707493e-24   0.000000e+00   5.074336e-25   288
  3.779773e-01   6.826447e-24   2.524053e-04   3.720924e-25   336
  3.790686e-01   7.290274e-24   2.297941e-04   5.594262e-25   168
  3.797219e-01   7.414759e-24   1.015467e-08   3.533681e-25   336
  3.810732e-01   6.574797e-24   2.385126e-04   4.131221e-25   288
  3.818848e-01   7.862459e-24   2.247398e-04   4.748236e-25   264
  3.832590e-01   6.938447e-24   0.000000e+00   5.178097e-25   240
  3.837616e-01   7.120450e-24   5.619580e-09   7.130515e-25   96
  3.855656e-01   6.964390e-24   3.056310e-04   3.502735e-25   360
  3.864075e-01   5.830938e-24   2.253025e-04   4.527335e-25   168
  3.874713e-01   5.922820e-24   2.456032e-04   2.737824e-25   456
  3.887523e-01   5.388112e-24   4.995182e-09   6.607176e-25   108
  3.894728e-01   5.072564e-24   2.464311e-04   3.092729e-25   264
  3.903716e-01   5.802942e-24   2.198567e-04   3.763301e-25   264
  3.916025e-01   5.884064e-24   2.074668e-04   3.838087e-25   312
  3.931351e-01   5.230583e-24   1.541705e-04   3.443154e-25   270
  3.937775e-01   6.833182e-24   1.957388e-04   4.897303e-25   240
  3.949323e-01   5.469952e-24   2.421536e-04   2.726229e-25   384
  3.956334e-01   5.831811e-24   5.619580e-09   4.499275e-25   192
  3.969952e-01   5.713424e-24   1.942960e-04   4.407836e-25   240
  3.977852e-01   5.438811e-24   2.397927e-04   3.427109e-25   336
  3.992708e-01   6.109456e-24   2.413972e-04   2.994390e-25   480
  4.004761e-01   4.945209e-24   9.176735e-09   5.071510e-25   72
  4.011493e-01   4.996805e-24   2.353842e-04   3.199572e-25   240
  4.020650e-01   5.400529e-24   2.212289e-04   3.056374e-25   312
  4.031147e-01   5.180766e-24   2.390954e-04   3.829640e-25   240
  4.047009e-01   4.804320e-24   1.816506e-04   2.265475e-25   408
  4.053288e-01   4.140851e-24   1.663482e-04   2.522775e-25   336
  4.065560e-01   4.866101e-24   2.112212e-04   3.106998e-25   264
  4.071591e-01   3.806938e-24   0.000000e+00   2.802086e-25   144
  4.088370e-01   4.242456e-24   2.927651e-04   2.002223e-25   464
  4.097211e-01   4.691674e-24   2.328083e-04   4.232720e-25   168
  4.105939e-01   4.245373e-24   2.120376e-04   2.755023e-25   336
  4.121713e-01   4.852171e-24   2.227870e-04   2.658370e-25   414
  4.130606e-01   5.726847e-24   2.319080e-04   4.251517e-25   216
  4.141998e-01   5.842693e-24   5.619580e-09   5.480694e-25   96
  4.146649e-01   4.259923e-24   1.256576e-08   2.441634e-25   384
  4.162944e-01   4.107534e-24   2.314600e-04   1.872379e-25   492
  4.171676e-01   4.539379e-24   2.263480e-04   3.332820e-25   240
  4.181546e-01   4.165696e-24   2.298225e-04   2.906472e-25   312
  4.195176e-01   3.411343e-24   2.297469e-04   2.595513e-25   192
  4.203810e-01   3.960185e-24   2.226525e-04   1.687651e-25   504
  4.215265e-01   4.062093e-24   1.473998e-04   2.472646e-25   408
  4.224284e-01   3.493636e-24   4.515774e-04   2.574551e-25   168
  4.235571e-01   4.131204e-24   2.145032e-04   2.450560e-25   288
  4.245041e-01   3.860817e-24   2.238525e-04   2.513994e-25   288
  4.254743e-01   3.320761e-24   2.251410e-04   1.692896e-25   432
  4.268815e-01   3.189743e-24   2.129084e-04   2.580270e-25   216
  4.276334e-01   3.355377e-24   2.124592e-04   1.937342e-25   360
  4.289721e-01   3.778354e-24   2.073582e-04   2.375815e-25   312
  4.301803e-01   2.344969e-24   0.000000e+00   2.398434e-25   48
  4.308767e-01   3.029174e-24   2.223178e-04   1.518685e-25   432
  4.321240e-01   3.034481e-24   3.708284e-04   1.416645e-25   414
  4.328606e-01   3.465810e-24   0.000000e+00   2.111534e-25   312
  4.342347e-01   3.281453e-24   3.253813e-04   1.609279e-25   528
  4.351620e-01   2.968289e-24   1.707976e-04   2.137037e-25   264
  4.362761e-01   3.239198e-24   2.025191e-04   1.776277e-25   480
  4.377318e-01   2.972573e-24   0.000000e+00   1.843714e-25   288
  4.383604e-01   2.280170e-24   2.176005e-04   1.531921e-25   168
  4.395105e-01   3.004893e-24   3.444610e-04   1.379925e-25   504
  4.408036e-01   4.026933e-24   5.298191e-09   3.849991e-25   144
  4.416171e-01   2.566667e-24   2.212265e-04   1.267224e-25   464
  4.428396e-01   2.908912e-24   3.246624e-04   1.595410e-25   432
  4.434197e-01   2.661364e-24   0.000000e+00   1.852675e-25   192
  4.449189e-01   2.301109e-24   2.406833e-04   1.200983e-25   396
  4.458042e-01   2.469851e-24   2.162000e-04   1.310296e-25   288
  4.466990e-01   2.236508e-24   2.135686e-04   1.172866e-25   336
  4.481283e-01   2.224940e-24   1.352359e-04   1.578586e-25   432
  4.490354e-01   2.524112e-24   3.505126e-04   1.479730e-25   360
  4.500539e-01   2.458038e-24   2.073334e-04   1.156028e-25   384
  4.515004e-01   2.761189e-24   1.830116e-04   2.444835e-25   198
  4.521974e-01   2.327969e-24   2.080246e-04   9.873407e-26   552
  4.534970e-01   2.394660e-24   2.912202e-04   1.269472e-25   432
  4.545821e-01   2.507657e-24   6.422377e-09   2.301275e-25   168
  4.554927e-01   2.227616e-24   3.610065e-04   1.023131e-25   480
  4.566974e-01   2.934526e-24   6.357829e-09   2.438159e-25   120
  4.572396e-01   2.415771e-24   2.948545e-04   1.460055e-25   336
  4.585628e-01   2.162769e-24   2.080152e-04   8.588866e-26   672
  4.598711e-01   2.157046e-24   3.025866e-04   1.046510e-25   528
  4.604805e-01   2.169108e-24   0.000000e+00   1.759895e-25   168
  4.618883e-01   1.978329e-24   3.375333e-04   1.066699e-25   456
  4.627474e-01   2.412017e-24   2.061344e-04   2.179258e-25   168
  4.636392e-01   2.241598e-24   2.057643e-04   1.124192e-25   504
  4.651216e-01   1.725321e-24   2.647872e-04   1.134587e-25   336
  4.660180e-01   1.889932e-24   1.908802e-04   1.255088e-25   312
  4.670124e-01   1.785475e-24   1.865029e-04   8.494499e-26   504
  4.683210e-01   1.650114e-24   1.294009e-04   8.830449e-26   432
  4.689362e-01   1.800937e-24   1.999672e-04   9.178500e-26   312
  4.702151e-01   1.859806e-24   2.049761e-04   1.066790e-25   384
  4.715504e-01   1.756243e-24   1.741510e-04   1.563859e-25   126
  4.723748e-01   1.789702e-24   3.057676e-04   9.056058e-26   492
  4.734278e-01   1.779262e-24   1.958445e-04   7.585696e-26   528
  4.747438e-01   1.633511e-24   1.989360e-04   8.397819e-26   480
  4.755596e-01   1.824613e-24   2.748289e-04   9.079122e-26   432
  4.767402e-01   1.628379e-24   2.161166e-04   9.725646e-26   440
  4.781114e-01   1.940187e-24   1.074739e-04   1.200079e-25   312
  4.786259e-01   1.475817e-24   1.610586e-04   8.365521e-26   480
  4.796813e-01   1.463211e-24   3.153497e-04   1.046699e-25   408
  4.812233e-01   1.828687e-24   1.888588e-04   1.122391e-25   360
  4.818747e-01   1.531084e-24   1.822418e-04   7.563191e-26   408
  4.830820e-01   1.368254e-24   1.854542e-04   7.955567e-26   456
  4.844414e-01   1.644677e-24   1.772485e-04   9.659554e-26   264
  4.851959e-01   1.390057e-24   1.923591e-04   9.019133e-26   384
  4.862943e-01   1.382820e-24   3.238501e-04   5.933950e-26   672
  4.875640e-01   1.562252e-24   1.937042e-04   1.089060e-25   240
  4.882967e-01   1.375461e-24   1.965613e-04   9.268897e-26   264
  4.893308e-01   1.237821e-24   2.424259e-04   5.691651e-26   624
  4.908739e-01   9.255227e-25   0.000000e+00   9.359241e-26   150
  4.914232e-01   1.392439e-24   2.716574e-04   6.693303e-26   600
  4.925819e-01   1.523022e-24   1.874909e-04   6.514149e-26   672
  4.938939e-01   1.351624e-24   1.763484e-04   7.932665e-26   336
  4.946248e-01   1.296161e-24   1.918157e-04   8.235417e-26   408
  4.957926e-01   1.548191e-24   1.913639e-04   8.479383e-26   408
  4.970915e-01   1.493369e-24   9.676385e-05   8.301968e-26   360
  4.978921e-01   1.253282e-24   3.552857e-04   6.945267e-26   456
  4.988592e-01   1.316783e-24   1.932065e-04   7.897173e-26   384
  5.000902e-01   9.166755e-25   1.783541e-04   4.945384e-26   348
  5.007554e-01   1.217598e-24   2.198754e-04   6.370699e-26   576
  5.020050e-01   1.184335e-24   1.810385e-04   5.394879e-26   504
  5.032833e-01   1.143835e-24   2.553443e-04   6.751937e-26   432
  5.043991e-01   1.118948e-24   3.473946e-04   5.532637e-26   576
  5.051948e-01   9.690082e-25   8.173934e-09   5.892402e-26   264
  5.064571e-01   1.088023e-24   2.764393e-04   4.730107e-26   768
  5.075549e-01   7.814701e-25   3.721752e-04   5.538920e-26   240
  5.084277e-01   9.516419e-25   3.282233e-04   7.710757e-26   192
  5.096990e-01   1.031885e-24   2.416124e-04   5.152962e-26   504
  5.106418e-01   1.034826e-24   3.255818e-04   5.360814e-26   590
  5.115460e-01   9.268604e-25   3.647966e-04   5.124570e-26   384
  5.126798e-01   8.781267e-25   3.048625e-04   4.666616e-26   504
  5.140486e-01   1.000685e-24   2.933830e-04   5.155055e-26   648
  5.153764e-01   9.013591e-25   7.967896e-05   4.799261e-26   504
  5.159117e-01   9.057723e-25   1.817627e-04   5.630805e-26   312
  5.168569e-01   9.905019e-25   2.618753e-04   4.623828e-26   576
  5.181545e-01   1.141030e-24   1.822405e-04   8.464586e-26   240
  5.189109e-01   9.161965e-25   1.841453e-04   4.346880e-26   552
  5.199816e-01   1.030362e-24   1.729082e-04   4.545113e-26   600
  5.215067e-01   8.472485e-25   2.111937e-04   3.854634e-26   600
  5.224237e-01   9.227005e-25   3.382099e-04   5.522519e-26   312
  5.233368e-01   9.313788e-25   2.945474e-04   4.892077e-26   480
  5.244775e-01   7.752805e-25   1.837693e-04   3.817596e-26   576
  5.254818e-01   6.712838e-25   2.959085e-04   4.121617e-26   408
  5.263729e-01   5.526583e-25   3.451909e-04   4.306630e-26   216
  5.275243e-01   7.797366e-25   2.643774e-04   3.787274e-26   516
  5.287578e-01   8.415786e-25   2.522429e-04   3.617936e-26   744
  5.300304e-01   8.134359e-25   1.684760e-04   4.318060e-26   462
  5.307494e-01   6.350847e-25   1.712315e-04   3.759114e-26   432
  5.318647e-01   7.547750e-25   1.588547e-04   3.121984e-26   648
  5.331761e-01   6.536733e-25   2.324340e-04   3.019866e-26   528
  5.342295e-01   8.395902e-25   2.799086e-04   3.832727e-26   600
  5.352820e-01   8.366353e-25   3.528915e-04   5.480744e-26   240
  5.363014e-01   7.822119e-25   2.703115e-04   3.293004e-26   720
  5.374863e-01   7.266876e-25   2.138653e-04   3.461222e-26   720
  5.387997e-01   4.486629e-25   0.000000e+00   3.905098e-26   144
  5.394909e-01   7.354874e-25   2.757364e-04   3.034869e-26   720
  5.404742e-01   7.374534e-25   1.653370e-04   4.484382e-26   384
  5.417051e-01   6.925363e-25   1.832848e-04   3.403952e-26   672
  5.428730e-01   7.620830e-25   3.209115e-04   5.467910e-26   336
  5.434308e-01   4.945255e-25   7.492773e-09   2.880925e-26   288
  5.447967e-01   6.437452e-25   2.539800e-04   2.598952e-26   776
  5.460612e-01   6.512025e-25   2.173184e-04   2.675092e-26   720
  5.471231e-01   6.077248e-25   1.750659e-04   3.262584e-26   432
  5.479725e-01   7.466751e-25   2.495786e-04   3.586893e-26   504
  5.489174e-01   7.377134e-25   1.748652e-04   3.880053e-26   528
  5.502396e-01   5.681855e-25   2.382437e-04   3.294019e-26   438
  5.513273e-01   6.247168e-25   2.772938e-04   3.186023e-26   624
  5.521470e-01   6.751128e-25   3.396475e-04   3.931159e-26   312
  5.532738e-01   7.088708e-25   1.829935e-04   3.141564e-26   696
  5.544390e-01   5.030715e-25   1.655760e-04   2.586971e-26   552
  5.556509e-01   6.034802e-25   1.281006e-04   3.035916e-26   516
  5.564006e-01   6.135112e-25   2.558713e-04   3.563062e-26   528
  5.573133e-01   4.616408e-25   1.664001e-04   2.100732e-26   528
  5.586097e-01   4.884563e-25   2.194479e-04   2.117618e-26   864
  5.594897e-01   5.232691e-25   3.005985e-04   3.303300e-26   408
  5.603706e-01   7.227532e-25   2.978186e-04   5.965912e-26   192
  5.616191e-01   5.110498e-25   2.464592e-04   2.687478e-26   720
  5.626731e-01   5.400928e-25   2.272475e-04   2.493367e-26   696
  5.639255e-01   4.915337e-25   2.454294e-04   2.425849e-26   720
  5.650713e-01   6.216091e-25   3.326501e-04   3.681249e-26   432
  5.657395e-01   4.885064e-25   1.958109e-04   4.059002e-26   264
  5.669418e-01   5.021550e-25   2.704061e-04   2.257026e-26   672
  5.680171e-01   4.328663e-25   2.768544e-04   2.113441e-26   600
  5.692933e-01   3.279117e-25   1.620980e-04   2.397930e-26   270
  5.699366e-01   4.002237e-25   2.440026e-04   1.989024e-26   528
  5.709591e-01   4.629107e-25   1.670843e-04   1.861377e-26   840
  5.723613e-01   5.115482e-25   3.194952e-04   2.198100e-26   888
  5.736568e-01   4.414230e-25   2.380474e-04   2.057081e-26   744
  5.747517e-01   4.207677e-25   1.223216e-04   2.734379e-26   456
  5.752963e-01   6.296349e-25   1.671601e-04   3.943345e-26   360
  5.762282e-01   4.336702e-25   1.448348e-04   2.895093e-26   384
  5.776580e-01   4.618061e-25   2.323137e-04   1.815691e-26   816
  5.787308e-01   4.180594e-25   3.370546e-04   1.860066e-26   824
  5.800348e-01   4.554706e-25   1.566791e-04   2.478437e-26   360
  5.807331e-01   4.341598e-25   2.311994e-04   2.245124e-26   624
  5.816941e-01   5.002648e-25   1.562320e-04   3.548936e-26   360
  5.829744e-01   3.950890e-25   2.125215e-04   1.639421e-26   876
  5.841306e-01   4.209560e-25   2.524119e-04   1.994132e-26   696
  5.852967e-01   3.539708e-25   1.629911e-04   2.233923e-26   336
  5.859080e-01   4.127820e-25   1.628079e-04   2.439377e-26   504
  5.869176e-01   3.892858e-25   1.642187e-04   1.877698e-26   672
  5.884155e-01   3.664851e-25   3.269213e-04   1.545660e-26   720
  5.894543e-01   3.883497e-25   2.469541e-04   1.662542e-26   774
  5.906010e-01   3.709943e-25   1.413501e-04   2.126844e-26   384
  5.912015e-01   4.381093e-25   2.720183e-04   2.450424e-26   528
  5.921335e-01   4.246379e-25   2.592486e-04   2.026507e-26   744
  5.936327e-01   4.419146e-25   2.138251e-04   2.131793e-26   768
  5.946281e-01   3.054596e-25   2.400348e-04   1.682975e-26   552
  5.958700e-01   3.549161e-25   2.616108e-04   1.820568e-26   696
  5.967938e-01   3.840853e-25   3.179026e-04   2.316649e-26   408
  5.975272e-01   3.486364e-25   1.373364e-04   1.717937e-26   504
  5.986899e-01   3.371206e-25   2.467198e-04   1.428294e-26   888
  5.998339e-01   3.415066e-25   2.564132e-04   1.673524e-26   648
  6.010230e-01   3.209593e-25   2.542153e-04   1.579436e-26   648
  6.021418e-01   3.196111e-25   2.741064e-04   1.432588e-26   792
  6.033268e-01   2.712392e-25   4.010364e-04   1.620959e-26   600
  6.042000e-01   2.310576e-25   2.717856e-04   1.150236e-26   456
  6.051191e-01   3.371216e-25   1.324567e-04   1.765960e-26   648
  6.062996e-01   3.083506e-25   2.583099e-04   1.174702e-26   936
  6.075741e-01   4.086290e-25   1.586356e-04   2.522517e-26   384
  6.086836e-01   2.894246e-25   0.000000e+00   2.367982e-26   198
  6.095398e-01   2.895701e-25   4.024720e-04   1.033687e-26   1224
  6.104634e-01   3.919693e-25   2.931235e-04   2.526884e-26   420
  6.115558e-01   2.788838e-25   2.836822e-04   1.272198e-26   792
  6.126238e-01   2.970191e-25   2.345810e-04   1.398355e-26   680
  6.138428e-01   2.728186e-25   2.154033e-04   1.507822e-26   600
  6.148235e-01   2.673377e-25   3.123938e-04   1.052910e-26   840
  6.161330e-01   2.894188e-25   1.474979e-04   1.863828e-26   432
  6.166334e-01   2.954268e-25   1.382249e-04   1.428498e-26   720
  6.177213e-01   2.748020e-25   2.768404e-04   1.174846e-26   960
  6.190745e-01   2.486973e-25   2.467829e-04   1.617430e-26   528
  6.200634e-01   2.470605e-25   2.522592e-04   1.251822e-26   624
  6.212404e-01   2.817036e-25   1.982740e-04   1.303489e-26   816
  6.224086e-01   2.320434e-25   3.260658e-04   1.181851e-26   696
  6.236996e-01   2.443856e-25   8.991328e-09   1.906477e-26   240
  6.241851e-01   2.739642e-25   1.922888e-04   1.502181e-26   672
  6.252686e-01   2.415116e-25   3.436476e-04   1.301657e-26   864
  6.264840e-01   1.917307e-25   2.636938e-04   8.719325e-27   816
  6.275795e-01   2.056830e-25   1.509292e-04   1.122157e-26   648
  6.287594e-01   2.552090e-25   1.542771e-04   1.114854e-26   843
  6.297611e-01   1.863654e-25   2.775825e-04   8.624657e-27   780
  6.309548e-01   1.916460e-25   1.489456e-04   1.602395e-26   216
  6.316911e-01   2.107647e-25   3.591661e-04   8.659979e-27   1056
  6.328235e-01   1.717141e-25   2.938382e-04   1.112924e-26   228
  6.338720e-01   2.456635e-25   3.658358e-04   1.100786e-26   924
  6.349484e-01   2.457227e-25   1.357046e-04   1.085053e-26   696
  6.360882e-01   1.834726e-25   2.415153e-04   7.578539e-27   996
  6.372543e-01   1.651717e-25   1.425858e-04   9.831589e-27   576
  6.384675e-01   2.061456e-25   2.200718e-04   1.352862e-26   552
  6.393519e-01   2.312078e-25   2.627580e-04   1.298828e-26   516
  6.402494e-01   2.037655e-25   3.821047e-04   9.610965e-27   744
  6.412749e-01   1.405684e-25   1.874451e-04   7.747809e-27   576
  6.421669e-01   1.620040e-25   1.929285e-04   8.386116e-27   792
  6.434346e-01   1.729388e-25   2.205530e-04   7.771410e-27   792
  6.443636e-01   1.695588e-25   2.378641e-04   8.860383e-27   720
  6.456200e-01   1.631956e-25   2.711104e-04   7.643839e-27   656
  6.467974e-01   1.570060e-25   2.960385e-04   7.414983e-27   816
  6.480043e-01   1.642581e-25   1.596190e-04   1.130897e-26   492
  6.486903e-01   1.673307e-25   2.296231e-04   8.500087e-27   552
  6.499778e-01   1.330711e-25   3.992867e-04   6.437645e-27   780
  6.508139e-01   1.533928e-25   2.452771e-04   9.353820e-27   528
  6.517148e-01   1.294542e-25   2.863130e-04   6.721567e-27   600
  6.530425e-01   1.636551e-25   2.379487e-04   6.997259e-27   900
  6.539577e-01   1.426619e-25   1.317325e-04   9.173339e-27   696
  6.552168e-01   1.231660e-25   3.330907e-04   7.057896e-27   696
  6.564349e-01   1.136428e-25   1.351317e-04   4.777980e-27   552
  6.574592e-01   1.121631e-25   1.571457e-04   6.097600e-27   708
  6.585322e-01   1.256968e-25   2.594565e-04   5.653112e-27   876
  6.596487e-01   1.672709e-25   1.377663e-04   2.164097e-26   216
  6.603980e-01   1.324996e-25   3.768094e-04   5.126129e-27   1032
  6.615201e-01   9.973537e-26   4.195357e-04   5.482324e-27   600
  6.626848e-01   8.612019e-26   2.001869e-04   4.082530e-27   600
  6.635732e-01   1.220957e-25   3.535112e-04   7.411470e-27   528
  6.646233e-01   1.154161e-25   1.940622e-04   6.050716e-27   732
  6.657296e-01   1.316070e-25   1.432973e-04   9.620061e-27   336
  6.670031e-01   1.062792e-25   2.042271e-04   5.067235e-27   912
  6.679548e-01   8.329586e-26   2.049821e-04   3.653903e-27   624
  6.689946e-01   9.775133e-26   1.727341e-04   5.019682e-27   768
  6.702082e-01   1.101561e-25   3.116463e-04   4.569352e-27   792
  6.713995e-01   9.774689e-26   1.545014e-04   4.844343e-27   660
  6.722471e-01   8.918687e-26   2.276826e-04   5.281653e-27   504
  6.731238e-01   8.254925e-26   3.719898e-04   5.259089e-27   480
  6.744376e-01   6.970453e-26   3.440421e-04   3.279263e-27   912
  6.754664e-01   1.047444e-25   3.831443e-04   7.141952e-27   432
  6.764380e-01   9.480684e-26   2.275021e-04   5.456462e-27   564
  6.773006e-01   8.426318e-26   2.177508e-04   4.111257e-27   600
  6.785149e-01   1.041509e-25   3.035240e-04   4.354960e-27   876
  6.794272e-01   8.873103e-26   1.364735e-04   7.012141e-27   264
  6.806846e-01   7.378428e-26   2.648123e-04   3.653511e-27   560
  6.816953e-01   7.335099e-26   1.799457e-04   3.101596e-27   840
  6.829222e-01   6.592168e-26   2.774244e-04   2.758373e-27   1008
  6.840568e-01   6.518415e-26   1.241010e-04   3.335583e-27   456
  6.850930e-01   8.919600e-26   1.607553e-04   5.141451e-27   576
  6.860509e-01   7.574566e-26   2.470177e-04   3.801932e-27   612
  6.873140e-01   7.267697e-26   2.206269e-04   3.598450e-27   780
  6.883444e-01   7.612828e-26   2.528284e-04   3.806299e-27   648
  6.893992e-01   8.029224e-26   1.178213e-04   6.312803e-27   312
  6.900734e-01   5.712787e-26   2.993645e-04   2.615227e-27   528
  6.912414e-01   5.437048e-26   3.909551e-04   2.329576e-27   720
  6.923583e-01   7.047442e-26   3.921794e-04   4.682353e-27   576
  6.937124e-01   6.524756e-26   3.383053e-04   4.236864e-27   444
  6.945549e-01   6.628812e-26   3.317685e-04   2.623248e-27   996
  6.955874e-01   5.296159e-26   2.771265e-04   3.314256e-27   432
  6.965633e-01   6.662056e-26   3.033990e-04   3.849837e-27   504
  6.974062e-01   4.936038e-26   1.367883e-04   2.806356e-27   504
  6.986065e-01   6.814728e-26   2.692009e-04   3.198894e-27   876
  6.996926e-01   5.268173e-26   3.098246e-04   3.014792e-27   504
  7.008236e-01   5.178489e-26   1.975899e-04   2.880359e-27   696
  7.017583e-01   5.773133e-26   1.689187e-04   3.165654e-27   492
  7.030300e-01   4.743729e-26   2.418152e-04   2.907411e-27   432
  7.039719e-01   6.164186e-26   2.264335e-04   3.113314e-27   768
  7.050885e-01   5.027692e-26   2.820533e-04   2.837648e-27   648
  7.061547e-01   4.337564e-26   1.840095e-04   2.394661e-27   456
  7.073798e-01   4.894770e-26   2.530430e-04   2.700114e-27   552
  7.082306e-01   4.468830e-26   1.734358e-04   2.339349e-27   648
  7.094016e-01   4.105053e-26   2.826907e-04   1.516164e-27   840
  7.105454e-01   4.968917e-26   1.348092e-04   2.682839e-27   432
  7.116906e-01   4.670470e-26   1.651183e-04   2.748723e-27   600
  7.124870e-01   4.707205e-26   1.759227e-04   2.830182e-27   432
  7.138248e-01   4.635321e-26   1.751482e-04   2.187092e-27   560
  7.147308e-01   3.795987e-26   2.772412e-04   1.616148e-27   840
  7.158652e-01   4.995767e-26   1.642140e-04   3.266066e-27   504
  7.167662e-01   3.906483e-26   3.351509e-04   1.972965e-27   696
  7.180362e-01   5.006897e-26   1.830475e-04   3.123203e-27   384
  7.190254e-01   3.184211e-26   2.681431e-04   1.590788e-27   576
  7.202219e-01   3.855382e-26   1.654845e-04   2.777566e-27   360
  7.211864e-01   3.630212e-26   2.464465e-04   1.607001e-27   828
  7.222268e-01   3.564784e-26   2.195064e-04   2.054260e-27   372
  7.231800e-01   3.565198e-26   3.352284e-04   1.612679e-27   576
  7.244428e-01   3.569645e-26   1.403933e-04   1.687414e-27   636
  7.253425e-01   3.497577e-26   2.706420e-04   1.701158e-27   648
  7.265596e-01   3.068178e-26   2.200024e-04   1.403812e-27   576
  7.274333e-01   3.339401e-26   3.548870e-04   1.738885e-27   528
  7.285953e-01   3.187189e-26   1.517289e-04   2.068647e-27   360
  7.295571e-01   2.911655e-26   3.490332e-04   1.400268e-27   672
  7.308130e-01   3.428076e-26   1.787806e-04   1.475691e-27   804
  7.318582e-01   3.259993e-26   1.972163e-04   1.768548e-27   408
  7.330145e-01   3.521633e-26   1.219011e-04   2.222750e-27   384
  7.337931e-01   2.404815e-26   2.789567e-04   1.616321e-27   480
  7.348913e-01   2.822021e-26   1.802469e-04   1.863188e-27   432
  7.359446e-01   3.342326e-26   3.321566e-04   1.546328e-27   648
  7.371913e-01   2.697040e-26   2.061016e-04   1.201517e-27   624
  7.381033e-01   2.935530e-26   1.874668e-04   1.739285e-27   456
  7.393486e-01   2.586041e-26   2.560963e-04   1.427249e-27   588
  7.401831e-01   2.353092e-26   1.633884e-04   1.186795e-27   600
  7.414016e-01   2.537918e-26   2.548458e-04   1.090354e-27   708
  7.423640e-01   2.369277e-26   1.605479e-04   1.280784e-27   360
  7.434275e-01   2.730115e-26   1.845541e-04   1.439112e-27   552
  7.444470e-01   2.445697e-26   1.294691e-04   2.076288e-27   288
  7.454820e-01   2.196039e-26   2.434372e-04   1.108322e-27   528
  7.464545e-01   2.650739e-26   1.642340e-04   1.249013e-27   456
  7.475410e-01   2.566017e-26   2.912225e-04   1.243770e-27   608
  7.486338e-01   1.982137e-26   1.408967e-04   9.089694e-28   504
  7.498278e-01   1.776836e-26   3.024972e-04   8.886344e-28   540
  7.507642e-01   2.201027e-26   3.247222e-04   1.276174e-27   360
  7.517735e-01   2.496606e-26   1.470509e-04   1.219831e-27   540
  7.526661e-01   2.136399e-26   1.262606e-04   1.074666e-27   576
  7.539642e-01   2.319556e-26   2.927555e-04   1.143271e-27   588
  7.551985e-01   2.272014e-26   4.039143e-04   1.032021e-27   672
  7.562588e-01   2.369370e-26   3.087151e-04   1.148606e-27   552
  7.571135e-01   1.753315e-26   3.088712e-04   1.396306e-27   144
  7.582042e-01   2.198988e-26   2.624178e-04   1.040657e-27   600
  7.592383e-01   1.642730e-26   3.288668e-04   7.864981e-28   504
  7.603860e-01   1.674422e-26   3.378126e-04   1.122562e-27   336
  7.615932e-01   1.930894e-26   3.797028e-04   9.281740e-28   600
  7.626744e-01   1.725949e-26   2.450478e-04   9.449552e-28   636
  7.638413e-01   1.914450e-26   1.970206e-04   1.464143e-27   384
  7.646595e-01   1.864016e-26   2.748205e-04   1.220690e-27   504
  7.658387e-01   1.396788e-26   1.153383e-04   9.600934e-28   240
  7.667694e-01   1.719047e-26   2.709461e-04   7.050181e-28   744
  7.678860e-01   1.621807e-26   1.850150e-04   7.879103e-28   648
  7.688783e-01   2.425680e-26   1.228185e-04   2.219150e-27   120
  7.700414e-01   1.414436e-26   1.929319e-04   5.670713e-28   564
  7.709202e-01   1.931076e-26   3.030111e-04   1.116885e-27   432
  7.720932e-01   1.585232e-26   2.351965e-04   8.070753e-28   480
  7.729764e-01   1.171904e-26   1.731106e-04   6.429715e-28   456
  7.740189e-01   1.618306e-26   2.864725e-04   8.650929e-28   444
  7.752020e-01   1.447547e-26   4.383180e-04   8.857666e-28   528
  7.762412e-01   1.637409e-26   3.255297e-04   1.241075e-27   264
  7.772498e-01   1.304413e-26   3.336195e-04   6.725269e-28   444
  7.786065e-01   1.412184e-26   3.654311e-04   5.661958e-28   696
  7.797327e-01   1.515198e-26   1.954448e-04   9.865537e-28   384
  7.805563e-01   1.226235e-26   2.469609e-04   6.432650e-28   432
  7.818373e-01   1.486673e-26   1.706384e-04   7.778048e-28   488
  7.826690e-01   1.489270e-26   2.571733e-04   7.539453e-28   480
  7.838749e-01   1.236381e-26   2.868014e-04   6.620908e-28   480
  7.848089e-01   1.144636e-26   1.203331e-04   7.061157e-28   240
  7.858692e-01   1.363469e-26   2.810886e-04   7.287692e-28   600
  7.868694e-01   1.048884e-26   2.449399e-04   7.414701e-28   288
  7.879343e-01   1.343122e-26   2.356143e-04   7.122429e-28   480
  7.890129e-01   1.124321e-26   4.191157e-04   6.515156e-28   504
  7.900748e-01   1.260221e-26   1.798267e-04   1.007326e-27   216
  7.914291e-01   1.204680e-26   2.944050e-04   6.849575e-28   504
  7.924838e-01   9.353066e-27   2.367912e-04   5.653422e-28   456
  7.936384e-01   1.325993e-26   1.358038e-04   7.558269e-28   384
  7.944031e-01   1.426313e-26   2.756326e-04   8.218990e-28   480
  7.954897e-01   9.185677e-27   2.420363e-04   4.935284e-28   504
  7.964966e-01   9.978003e-27   1.535327e-04   5.233742e-28   312
  7.975815e-01   1.088951e-26   2.474127e-04   5.955917e-28   492
  7.985417e-01   1.294878e-26   2.318919e-04   9.192722e-28   312
  7.997779e-01   1.068020e-26   3.766899e-04   5.245794e-28   576
  8.008661e-01   1.117011e-26   3.477153e-04   7.708133e-28   336
  8.017699e-01   7.661307e-27   2.677247e-04   5.950373e-28   240
  8.030228e-01   1.105920e-26   3.549351e-04   6.315708e-28   468
  8.041047e-01   8.888420e-27   2.222407e-04   6.688372e-28   192
  8.052370e-01   8.928264e-27   2.229031e-04   6.128967e-28   324
  8.060669e-01   9.788407e-27   1.617794e-04   4.351720e-28   600
  8.071978e-01   8.657718e-27   2.624704e-04   4.527179e-28   456
  8.080377e-01   9.322152e-27   1.180592e-04   6.316179e-28   336
  8.094297e-01   1.022128e-26   3.535027e-04   5.695073e-28   612
  8.104424e-01   9.114588e-27   2.966749e-04   1.308821e-27   144
  8.114002e-01   9.558047e-27   3.462957e-04   5.001397e-28   552
  8.127025e-01   6.520297e-27   1.363755e-04   3.720498e-28   264
  8.134384e-01   8.469909e-27   3.157441e-04   6.391608e-28   336
  8.145992e-01   7.842728e-27   2.086329e-04   4.156832e-28   384
  8.156059e-01   8.006817e-27   1.174397e-04   5.908722e-28   216
  8.167203e-01   6.022080e-27   2.489964e-04   3.660746e-28   344
  8.177364e-01   7.450458e-27   3.715143e-04   3.828621e-28   408
  8.189746e-01   8.105952e-27   2.854845e-04   6.295443e-28   264
  8.200718e-01   7.271886e-27   3.979796e-04   4.154906e-28   612
  8.211681e-01   1.092465e-26   2.048307e-04   7.328559e-28   408
  8.222956e-01   6.885404e-27   2.051251e-04   4.705018e-28   444
  8.231239e-01   1.136945e-26   1.147249e-04   1.021440e-27   120
  8.242338e-01   8.128426e-27   3.169640e-04   6.313207e-28   336
  8.250576e-01   6.377907e-27   1.101437e-04   3.995684e-28   288
  8.261708e-01   7.355735e-27   3.427692e-04   3.635603e-28   552
  8.277012e-01   7.765457e-27   1.835347e-08   8.980684e-28   72
  8.284882e-01   7.255378e-27   3.404572e-04   3.883608e-28   504
  8.294074e-01   4.071673e-27   1.095558e-04   2.882674e-28   216
  8.305983e-01   5.498289e-27   1.956043e-04   3.408754e-28   312
  8.316675e-01   5.439640e-27   2.227263e-04   3.903315e-28   336
  8.326865e-01   4.511197e-27   3.087236e-04   4.031494e-28   204
  8.337014e-01   8.412680e-27   3.587838e-04   5.924714e-28   504
  8.347777e-01   7.391189e-27   3.416652e-04   4.650994e-28   396
  8.358127e-01   6.257750e-27   3.133249e-04   4.959322e-28   312
  8.370674e-01   9.149532e-27   1.914750e-04   7.948691e-28   216
  8.379516e-01   6.416975e-27   1.039172e-04   4.706841e-28   168
  8.390260e-01   5.689076e-27   2.623966e-04   2.917127e-28   588
  8.402521e-01   4.851965e-27   3.561727e-04   4.934278e-28   240
  8.412047e-01   4.162803e-27   3.145601e-04   2.884561e-28   264
  8.423219e-01   5.027205e-27   3.890183e-04   3.519929e-28   288
  8.433131e-01   5.087150e-27   1.942596e-04   3.962897e-28   288
  8.445693e-01   4.434331e-27   1.824407e-04   2.811181e-28   288
  8.454153e-01   5.106912e-27   2.113423e-04   4.123502e-28   192
  8.464795e-01   3.469209e-27   2.248894e-04   2.292813e-28   264
  8.474933e-01   7.032733e-27   3.699119e-04   4.300117e-28   372
  8.485844e-01   7.876076e-27   3.995208e-04   6.096100e-28   360
  8.499161e-01   7.336629e-27   1.690810e-04   8.441123e-28   144
  8.506044e-01   5.025492e-27   2.348461e-04   4.071353e-28   296
  8.516909e-01   4.788359e-27   2.530345e-04   4.051856e-28   288
  8.529347e-01   5.133609e-27   3.781537e-04   3.291887e-28   480
  8.540076e-01   4.425749e-27   3.142096e-04   4.704370e-28   192
  8.550509e-01   6.137790e-27   3.370327e-04   5.776203e-28   192
  8.559992e-01   4.405787e-27   2.147949e-04   3.196626e-28   288
  8.573180e-01   2.681430e-27   1.869760e-04   2.627348e-28   108
  8.579823e-01   4.296251e-27   1.797545e-04   4.089466e-28   240
  8.591554e-01   3.594768e-27   3.353363e-04   2.475849e-28   384
  8.603605e-01   4.340884e-27   4.090723e-04   4.175921e-28   108
  8.614261e-01   5.509033e-27   2.398466e-04   3.119720e-28   348
  8.625466e-01   3.716677e-27   2.503134e-04   3.628259e-28   312
  8.635474e-01   3.661913e-27   2.432319e-04   6.532131e-28   96
  8.644677e-01   3.747841e-27   3.238194e-04   2.505005e-28   384
  8.654984e-01   3.829434e-27   2.227222e-04   3.562083e-28   144
  8.665066e-01   4.233670e-27   3.422225e-04   2.776665e-28   408
  8.677598e-01   2.351241e-27   1.526554e-04   3.012411e-28   144
  8.689437e-01   3.557947e-27   2.934816e-04   3.298053e-28   192
  8.696459e-01   4.566598e-27   3.303190e-04   3.551229e-28   144
  8.707904e-01   2.442696e-27   2.685615e-04   2.260221e-28   144
  8.718702e-01   3.900464e-27   3.282257e-04   3.236206e-28   336
  8.731927e-01   2.548626e-27   2.428454e-04   1.924505e-28   240
  8.740312e-01   3.102070e-27   1.102739e-04   3.605870e-28   96
  8.752007e-01   4.290260e-27   3.233803e-04   3.623246e-28   372
  8.763838e-01   3.807865e-27   3.846540e-04   4.308706e-28   132
  8.774230e-01   2.418564e-27   2.380193e-04   1.599639e-28   264
  8.783527e-01   4.282550e-27   1.827880e-04   5.019409e-28   168
  8.793449e-01   3.609204e-27   2.922429e-04   2.851384e-28   216
  8.802213e-01   3.349009e-27   1.787978e-04   3.564030e-28   216
  8.814979e-01   1.794534e-27   3.280196e-04   1.801716e-28   96
  8.826561e-01   3.523709e-27   2.140028e-04   4.562279e-28   120
  8.837183e-01   2.755946e-27   2.720578e-04   2.172621e-28   216
  8.845934e-01   2.335523e-27   1.188902e-04   1.784237e-28   200
  8.857519e-01   2.861753e-27   3.077557e-04   2.811477e-28   288
  8.872378e-01   1.626050e-27   8.097649e-05   1.315625e-28   144
  8.878635e-01   3.319459e-27   2.519939e-04   3.926209e-28   168
  8.891412e-01   2.861661e-27   2.835956e-04   3.978156e-28   159
  8.901386e-01   2.051172e-27   2.975600e-04   1.299012e-28   174
  8.911039e-01   2.031602e-27   2.698170e-04   1.815103e-28   144
  8.923678e-01   2.792092e-27   1.557998e-04   2.160611e-28   222
  8.932131e-01   2.163977e-27   1.572158e-04   1.810292e-28   168
  8.946732e-01   3.676760e-27   3.448346e-04   5.672921e-28   30
  8.952763e-01   1.104628e-27   3.044637e-04   1.411068e-28   72
  8.964123e-01   2.055464e-27   2.717302e-04   1.546039e-28   258
  8.976612e-01   1.979526e-27   1.701916e-04   1.582752e-28   264
  8.982857e-01   1.891228e-27   0.000000e+00   2.925275e-28   72
  8.995871e-01   1.307786e-27   3.373270e-04   1.031439e-28   174
  9.007654e-01   2.502120e-27   3.591909e-04   3.212972e-28   168
  9.017127e-01   1.100676e-27   1.123916e-08   1.556758e-28   48
  9.027297e-01   1.435712e-27   2.028435e-04   1.150454e-28   150
  9.039088e-01   2.079198e-27   3.731453e-04   1.566567e-28   168
  9.050911e-01   1.606255e-27   2.273028e-04   1.522526e-28   144
  9.061784e-01   2.792928e-27   2.123525e-04   2.989110e-28   102
  9.069882e-01   1.008943e-27   3.143182e-04   9.388991e-29   96
  9.082731e-01   8.773692e-28   3.119397e-04   7.157850e-29   120
  9.092246e-01   9.076043e-28   3.345635e-04   6.243883e-29   168
  9.102538e-01   2.457782e-27   2.470487e-04   2.162973e-28   126
  9.111308e-01   1.456987e-27   1.863241e-04   1.220106e-28   168
  9.123389e-01   1.304920e-27   2.987709e-04   1.322745e-28   72
  9.133947e-01   9.932431e-28   3.741278e-04   8.390736e-29   168
  9.143196e-01   1.847959e-27   1.025668e-04   3.311396e-28   78
  9.155870e-01   1.090330e-27   1.684070e-04   1.585475e-28   60
  9.166075e-01   1.952793e-27   2.731835e-04   2.331961e-28   96
  9.176659e-01   1.124039e-27   3.314854e-04   9.665570e-29   168
  9.186605e-01   9.669343e-28   2.097511e-04   1.112291e-28   86
  9.197042e-01   8.066052e-28   1.874678e-04   7.591775e-29   120
  9.212002e-01   6.880522e-28   1.336894e-04   5.886868e-29   168
  9.220069e-01   7.561919e-28   0.000000e+00   1.138241e-28   48
  9.230934e-01   1.295799e-27   2.435676e-04   1.253398e-28   120
  9.237177e-01   1.127067e-27   1.776924e-04   1.205743e-28   126
  9.252418e-01   9.230824e-28   3.125113e-04   1.081288e-28   96
  9.262310e-01   1.168725e-27   9.011285e-05   1.133939e-28   96
  9.270111e-01   8.277528e-28   0.000000e+00   6.953447e-29   72
  9.286731e-01   1.006656e-27   1.123916e-08   1.253381e-28   24
  9.297104e-01   1.156372e-27   1.854501e-04   1.188070e-28   120
  9.305196e-01   1.112837e-27   2.705147e-04   1.236463e-28   126
  9.314194e-01   9.420001e-28   2.255107e-04   8.833417e-29   96
  9.324708e-01   6.010294e-28   3.897482e-04   6.572020e-29   72
  9.336415e-01   8.257967e-28   1.685792e-04   7.207678e-29   144
  9.346046e-01   6.220383e-28   9.723254e-05   6.525662e-29   72
  9.355666e-01   8.850062e-28   1.942081e-04   1.143408e-28   54
  9.364132e-01   9.312602e-28   1.711436e-04   8.128502e-29   108
  9.381728e-01   1.108110e-27   1.677650e-04   1.149792e-28   72
  9.387206e-01   7.050242e-28   9.680617e-05   8.745557e-29   72
  9.400202e-01   7.041339e-28   1.946680e-08   1.256110e-28   24
  9.412498e-01   3.895523e-28   2.047976e-04   6.184654e-29   48
  9.419964e-01   8.742098e-28   1.560029e-04   9.006616e-29   102
  9.431203e-01   6.260087e-28   3.528137e-04   5.102947e-29   168
  9.445889e-01   6.623397e-28   1.924163e-04   8.861930e-29   72
  9.451330e-01   7.161644e-28   0.000000e+00   7.385828e-29   48
  9.462744e-01   8.151856e-28   3.309678e-04   1.024336e-28   120
  9.477807e-01   7.182122e-28   2.033864e-04   8.563814e-29   96
  9.492033e-01   1.295368e-27   2.202416e-08   2.514706e-28   30
  9.508942e-01   8.889011e-28   9.555995e-05   1.243621e-28   72
  9.516372e-01   6.898729e-28   1.123916e-08   1.163671e-28   24
  9.525916e-01   5.047948e-28   1.416435e-04   4.846653e-29   56
  9.536606e-01   5.306209e-28   2.021324e-04   5.399214e-29   96
  9.549399e-01   6.336441e-28   2.232036e-04   6.065252e-29   144
  9.559263e-01   7.166726e-28   1.267263e-04   7.470396e-29   54
  9.573592e-01   5.340254e-28   1.898493e-04   5.534653e-29   108
  9.588012e-01   1.080793e-27   1.005243e-04   1.738847e-28   48
  9.601739e-01   5.887178e-28   3.785063e-04   5.892053e-29   72
  9.634680e-01   9.358502e-28   2.500803e-04   1.090775e-28   78
  9.643808e-01   4.130202e-28   1.884669e-04   4.492595e-29   72
  9.654462e-01   5.122175e-28   1.882329e-04   6.521566e-29   72
  9.665603e-01   5.503113e-28   4.542266e-04   7.032861e-29   96
  9.674408e-01   6.113428e-28   1.878449e-04   5.574664e-29   72
  9.685029e-01   9.133171e-28   0.000000e+00   1.680311e-28   24
  9.695638e-01   4.937986e-28   3.748416e-04   5.859017e-29   72
  9.719599e-01   5.447963e-28   2.380359e-04   6.616588e-29   30
  9.724755e-01   6.382874e-28   0.000000e+00   1.127547e-28   24
  9.752466e-01   3.489289e-28   1.976584e-04   5.522220e-29   48
  9.761159e-01   4.392512e-28   4.253608e-04   3.562277e-29   120
  9.772870e-01   5.561967e-28   1.859776e-04   5.128462e-29   72
  9.784697e-01   4.328840e-28   1.857528e-04   7.867222e-29   36
  9.792826e-01   4.423373e-28   3.671339e-04   4.957487e-29   78
  9.815513e-01   5.099677e-28   1.963888e-04   7.693635e-29   48
  9.844928e-01   5.936233e-28   1.589457e-08   1.142785e-28   24
  9.865884e-01   2.485673e-28   1.367612e-04   2.798939e-29   56
  9.876436e-01   2.746315e-28   2.104496e-04   2.537316e-29   102
  9.889860e-01   4.949743e-28   1.498555e-08   6.289265e-29   72
  9.897653e-01   3.837118e-28   0.000000e+00   8.238517e-29   24
  9.911277e-01   3.114573e-28   1.944913e-04   4.914026e-29   48
  9.936528e-01   6.116126e-28   0.000000e+00   1.009026e-28   24
  9.967520e-01   2.060702e-28   0.000000e+00   6.087044e-29   6
  9.977185e-01   1.832434e-28   0.000000e+00   2.160689e-29   24
  9.983623e-01   2.411364e-28   1.820511e-04   3.453741e-29   72
  9.995384e-01   3.993696e-28   3.396336e-04   4.206248e-29   84
  1.000805e+00   3.239808e-28   0.000000e+00   5.867944e-29   24
  1.001190e+00   2.935973e-28   1.589457e-08   4.809763e-29   24
  1.003114e+00   3.772819e-28   1.123916e-08   7.221657e-29   24
  1.005800e+00   2.375089e-28   0.000000e+00   1.110006e-28   6
  1.009244e+00   2.491475e-28   1.910001e-04   3.880433e-29   48
  1.010072e+00   2.627660e-28   3.598129e-04   3.461102e-29   72
  1.011152e+00   2.908706e-28   1.906396e-04   5.157016e-29   48
  1.012867e+00   4.093206e-28   0.000000e+00   1.516145e-28   24
  1.015148e+00   4.728136e-29   1.123916e-08   1.065576e-29   6
  1.020262e+00   3.980526e-28   0.000000e+00   1.347648e-28   8
  1.020640e+00   2.897734e-28   1.123916e-08   3.991542e-29   48
  1.021546e+00   2.950226e-28   1.848806e-04   2.780124e-29   60
  1.022904e+00   4.320535e-28   0.000000e+00   8.159964e-29   24
  1.024787e+00   2.220527e-28   0.000000e+00   7.955509e-29   6
  1.031723e+00   2.369219e-28   0.000000e+00   5.637447e-29   24
  1.032283e+00   2.546697e-28   1.867372e-04   3.998275e-29   48
  1.033217e+00   1.817989e-28   0.000000e+00   4.739797e-29   24
  1.034708e+00   2.751538e-28   1.123916e-08   3.382813e-29   6
  1.043181e+00   2.328373e-28   1.742080e-04   3.660668e-29   36
  1.043797e+00   2.481565e-28   0.000000e+00   5.372767e-29   24
  1.044904e+00   2.711872e-28   0.000000e+00   7.073288e-29   6
  1.054545e+00   2.394641e-28   1.583190e-04   4.110546e-29   32
  1.055367e+00   3.347111e-28   1.123916e-08   1.343949e-28   6
  1.065728e+00   2.800278e-28   0.000000e+00   7.991124e-29   12
  1.066089e+00   2.786818e-28   0.000000e+00   7.101707e-29   6
  1.077063e+00   2.313828e-28   1.589457e-08   5.620738e-29   6
