# Matter power spectrum P(k) at redshift z=0.6
# for k=1.05469e-05 to 9.11685 h/Mpc,
# number of wavenumbers equal to 270
#    1:k (h/Mpc)              2:P (Mpc/h)^3        
       1.054685254309e-05       2.726362373585e+01 
       1.117179284516e-05       2.881581731778e+01 
       1.183376318815e-05       3.045638219581e+01 
       1.253495773991e-05       3.219034122826e+01 
       1.327770068094e-05       3.402302652967e+01 
       1.406445390808e-05       3.596004009341e+01 
       1.489782519471e-05       3.800733526475e+01 
       1.578057683454e-05       4.017119153859e+01 
       1.671563479743e-05       4.245823009041e+01 
       1.770609842788e-05       4.487547592560e+01 
       1.875525071809e-05       4.743033422568e+01 
       1.986656918977e-05       5.013064013391e+01 
       2.104373742076e-05       5.298467424295e+01 
       2.229065725459e-05       5.600118359160e+01 
       2.361146173358e-05       5.918942017004e+01 
       2.501052879817e-05       6.255916003482e+01 
       2.649249579812e-05       6.612072968709e+01 
       2.806227486340e-05       6.988504834602e+01 
       2.972506918601e-05       7.386365813205e+01 
       3.148639026643e-05       7.806874770040e+01 
       3.335207618210e-05       8.251321234156e+01 
       3.532831093829e-05       8.721066859334e+01 
       3.742164496560e-05       9.217551657669e+01 
       3.963901683208e-05       9.742296696729e+01 
       4.198777624174e-05       1.029690992554e+02 
       4.447570839598e-05       1.088309045339e+02 
       4.711105979834e-05       1.150263385892e+02 
       4.990256558844e-05       1.215743801515e+02 
       5.285947849546e-05       1.284950780084e+02 
       5.599159950724e-05       1.358096244880e+02 
       5.930931035668e-05       1.435404106355e+02 
       6.282360793301e-05       1.517110972318e+02 
       6.654614073212e-05       1.603466852595e+02 
       7.048924746667e-05       1.694735909827e+02 
       7.466599796401e-05       1.791197245123e+02 
       7.909023648746e-05       1.893145742462e+02 
       8.377662762449e-05       2.000892933048e+02 
       8.874070489404e-05       2.114767924938e+02 
       9.399892223387e-05       2.235118382695e+02 
       9.956870853887e-05       2.362311523161e+02 
       1.054685254309e-04       2.496735223451e+02 
       1.117179284516e-04       2.638799113211e+02 
       1.183376318815e-04       2.788935769736e+02 
       1.253495773991e-04       2.947601978794e+02 
       1.327770068094e-04       3.115279998624e+02 
       1.406445390808e-04       3.292478917657e+02 
       1.489782519471e-04       3.479736105313e+02 
       1.578057683454e-04       3.677618661644e+02 
       1.671563479743e-04       3.886724959587e+02 
       1.770609842788e-04       4.107686251810e+02 
       1.875525071809e-04       4.341168311290e+02 
       1.986656918977e-04       4.587873187794e+02 
       2.104373742076e-04       4.848540943312e+02 
       2.229065725459e-04       5.123951496162e+02 
       2.361146173358e-04       5.414926484190e+02 
       2.501052879817e-04       5.722331177861e+02 
       2.649249579812e-04       6.047076439867e+02 
       2.806227486340e-04       6.390120667839e+02 
       2.972506918601e-04       6.752471836168e+02 
       3.148639026643e-04       7.135189434603e+02 
       3.335207618210e-04       7.539386465332e+02 
       3.532831093829e-04       7.966231386306e+02 
       3.742164496560e-04       8.416950092644e+02 
       3.963901683208e-04       8.892827662268e+02 
       4.198777624174e-04       9.395210219411e+02 
       4.447570839598e-04       9.925506549215e+02 
       4.711105979834e-04       1.048518968882e+03 
       4.990256558844e-04       1.107579832319e+03 
       5.285947849546e-04       1.169893807284e+03 
       5.599159950724e-04       1.235628243143e+03 
       5.930931035668e-04       1.304957385257e+03 
       6.282360793301e-04       1.378062389287e+03 
       6.654614073212e-04       1.455131432132e+03 
       7.048924746667e-04       1.536359632858e+03 
       7.466599796401e-04       1.621949048780e+03 
       7.909023648746e-04       1.712108602566e+03 
       8.377662762449e-04       1.807053895393e+03 
       8.874070489404e-04       1.907007018703e+03 
       9.399892223387e-04       2.012196212844e+03 
       9.956870853887e-04       2.122855428543e+03 
       1.054685254309e-03       2.239223742316e+03 
       1.117179284516e-03       2.361544570099e+03 
       1.183376318815e-03       2.490064753688e+03 
       1.253495773991e-03       2.625033347010e+03 
       1.327770068094e-03       2.766700327860e+03 
       1.406445390808e-03       2.915314954541e+03 
       1.489782519471e-03       3.071124084578e+03 
       1.578057683454e-03       3.234370393783e+03 
       1.671563479743e-03       3.405290003165e+03 
       1.770609842788e-03       3.584110433798e+03 
       1.875525071809e-03       3.771047929403e+03 
       1.986656918977e-03       3.966304375324e+03 
       2.104373742076e-03       4.170063670481e+03 
       2.229065725459e-03       4.382488177388e+03 
       2.361146173358e-03       4.603714422266e+03 
       2.501052879817e-03       4.833848874864e+03 
       2.649249579812e-03       5.072963654140e+03 
       2.806227486340e-03       5.321092279273e+03 
       2.972506918601e-03       5.578224415081e+03 
       3.148639026643e-03       5.844299073592e+03 
       3.335207618210e-03       6.119200250796e+03 
       3.532831093829e-03       6.402749541932e+03 
       3.742164496560e-03       6.694699224650e+03 
       3.963901683208e-03       6.994722213166e+03 
       4.198777624174e-03       7.302407951898e+03 
       4.447570839598e-03       7.617250003339e+03 
       4.711105979834e-03       7.938639335316e+03 
       4.990256558844e-03       8.265858703348e+03 
       5.285947849546e-03       8.598073260956e+03 
       5.599159950724e-03       8.934326077720e+03 
       5.930931035668e-03       9.273563987052e+03 
       6.282360793301e-03       9.614487159136e+03 
       6.654614073212e-03       9.955765893001e+03 
       7.048924746667e-03       1.029573697758e+04 
       7.466599796401e-03       1.063279405527e+04 
       7.909023648746e-03       1.096497524925e+04 
       8.377662762449e-03       1.129028307672e+04 
       8.874070489404e-03       1.160640645130e+04 
       9.399892223387e-03       1.191085404418e+04 
       9.956870853887e-03       1.220098196871e+04 
       1.054685254309e-02       1.247392846120e+04 
       1.117179284516e-02       1.272678490420e+04 
       1.183376318815e-02       1.295617617354e+04 
       1.253495773991e-02       1.315889339342e+04 
       1.327770068094e-02       1.333145339727e+04 
       1.406445390807e-02       1.347027194394e+04 
       1.489782519470e-02       1.357183238348e+04 
       1.578057683442e-02       1.363265107658e+04 
       1.671563479646e-02       1.364938843373e+04 
       1.770609842091e-02       1.361897441016e+04 
       1.875525067411e-02       1.353872051943e+04 
       1.986656894390e-02       1.340659100348e+04 
       2.104373619483e-02       1.322113313209e+04 
       2.229065177100e-02       1.298208017358e+04 
       2.361143960380e-02       1.269015076830e+04 
       2.501044777982e-02       1.234735633720e+04 
       2.649222528634e-02       1.195751809109e+04 
       2.806144694560e-02       1.152579549737e+04 
       2.972273541715e-02       1.105931538066e+04 
       3.148030480567e-02       1.056698718753e+04 
       3.333734088938e-02       1.005924795121e+04 
       3.529507253647e-02       9.548120078513e+03 
       3.735162255484e-02       9.046338588621e+03 
       3.950096840149e-02       8.566651014051e+03 
       4.173258974862e-02       8.120442875133e+03 
       4.403236102030e-02       7.716188969254e+03 
       4.638473001487e-02       7.358470822145e+03 
       4.877543853907e-02       7.047528618011e+03 
       5.119367831740e-02       6.779843132385e+03 
       5.363300206183e-02       6.549047584315e+03 
       5.609107145942e-02       6.347097345073e+03 
       5.856876804162e-02       6.165235765592e+03 
       6.106917609746e-02       5.994740493776e+03 
       6.359672196341e-02       5.827457419535e+03 
       6.615655374193e-02       5.656260566854e+03 
       6.875413977679e-02       5.475370542021e+03 
       7.139503067298e-02       5.280807658958e+03 
       7.408473117656e-02       5.070463906796e+03 
       7.682864084305e-02       4.844373404468e+03 
       7.963203542357e-02       4.604677979004e+03 
       8.250007098888e-02       4.355457228414e+03 
       8.543779976305e-02       4.102328582725e+03 
       8.845019113030e-02       3.851894467755e+03 
       9.154215407277e-02       3.611093934776e+03 
       9.471855898972e-02       3.386493231850e+03 
       9.798425785379e-02       3.183509698811e+03 
       1.013441022457e-01       3.005861769671e+03 
       1.048029591431e-01       2.855108401245e+03 
       1.083657245245e-01       2.730463029014e+03 
       1.120373349507e-01       2.628669816629e+03 
       1.158227773366e-01       2.544231096013e+03 
       1.197270971533e-01       2.469795619899e+03 
       1.237554053118e-01       2.397076402245e+03 
       1.279128839882e-01       2.318010616683e+03 
       1.322047916525e-01       2.226251205844e+03 
       1.366364675731e-01       2.118764435961e+03 
       1.412133360700e-01       1.996620001935e+03 
       1.459409108043e-01       1.864990469298e+03 
       1.480253419385e-01       1.807326565029e+03 
       1.508247993950e-01       1.732001982933e+03 
       1.558707086700e-01       1.606706336700e+03 
       1.610844508641e-01       1.496876537529e+03 
       1.664719510942e-01       1.406972975254e+03 
       1.720392564478e-01       1.337079497501e+03 
       1.777925470373e-01       1.282831423805e+03 
       1.837381493835e-01       1.236669458676e+03 
       1.898825525064e-01       1.190077086955e+03 
       1.962324271164e-01       1.135155138101e+03 
       2.027946483200e-01       1.069186946670e+03 
       2.095763222791e-01       9.955488182403e+02 
       2.165848172921e-01       9.217096463105e+02 
       2.238277998132e-01       8.551306622892e+02 
       2.313132759755e-01       8.004227222857e+02 
       2.390496392617e-01       7.578493418923e+02 
       2.470457250606e-01       7.230337637911e+02 
       2.553108729692e-01       6.890905793136e+02 
       2.638549978610e-01       6.509469649800e+02 
       2.726886709434e-01       6.079997451739e+02 
       2.818232122792e-01       5.639885162088e+02 
       2.912707965723e-01       5.243656997961e+02 
       3.010445744184e-01       4.918483406734e+02 
       3.111588117254e-01       4.647180550259e+02 
       3.216290506370e-01       4.390508929095e+02 
       3.324722960783e-01       4.117259200266e+02 
       3.437072330200e-01       3.831923365218e+02 
       3.553544807807e-01       3.562742349313e+02 
       3.674368922119e-01       3.329509395854e+02 
       3.799799075183e-01       3.124912061329e+02 
       3.930119748386e-01       2.926085281169e+02 
       4.065650526745e-01       2.724945176560e+02 
       4.206752129050e-01       2.531697082330e+02 
       4.353833676079e-01       2.356994198036e+02 
       4.507361482971e-01       2.197667696514e+02 
       4.667869724986e-01       2.043595472450e+02 
       4.835973396183e-01       1.893739352919e+02 
       5.012384051644e-01       1.754525558091e+02 
       5.197928880966e-01       1.625675442079e+02 
       5.393573673034e-01       1.501916016652e+02 
       5.600450140080e-01       1.384261703428e+02 
       5.819887764142e-01       1.274312087927e+02 
       6.053449623340e-01       1.169974680893e+02 
       6.302970246921e-01       1.070866630088e+02 
       6.570591004997e-01       9.775921145410e+01 
       6.858784378759e-01       8.891507728474e+01 
       7.170352496066e-01       8.057092083517e+01 
       7.508378590846e-01       7.270617903542e+01 
       7.876106506030e-01       6.531856263576e+01 
       8.276731536005e-01       5.840782124129e+01 
       8.713116847377e-01       5.198924450175e+01 
       9.187504978811e-01       4.607559150171e+01 
       9.701345324885e-01       4.067736319984e+01 
       1.025534845094e+00       3.579607765930e+01 
       1.084977609018e+00       3.142048802180e+01 
       1.148484494357e+00       2.752617486580e+01 
       1.216107533182e+00       2.408066014771e+01 
       1.287948267305e+00       2.104332790843e+01 
       1.364161295927e+00       1.837320285299e+01 
       1.444948307987e+00       1.603032976623e+01 
       1.530549044136e+00       1.397698976938e+01 
       1.621233249843e+00       1.217900112348e+01 
       1.717295182085e+00       1.060624930298e+01 
       1.819050660201e+00       9.231071861401e+00 
       1.926836008351e+00       8.030104486777e+00 
       2.041008175638e+00       6.981451687392e+00 
       2.161945503548e+00       6.066592336100e+00 
       2.290048826400e+00       5.268937294065e+00 
       2.425742749884e+00       4.573855339600e+00 
       2.569477044089e+00       3.968479044845e+00 
       2.721728130702e+00       3.441658348287e+00 
       2.883000661365e+00       2.983293738149e+00 
       3.053829190240e+00       2.584957134614e+00 
       3.234779945817e+00       2.238731093037e+00 
       3.426452707735e+00       1.938129040851e+00 
       3.629482794812e+00       1.677093263727e+00 
       3.844543170872e+00       1.450691371435e+00 
       4.072346675351e+00       1.254352874735e+00 
       4.313648386078e+00       1.084150077116e+00 
       4.569248122059e+00       9.366827149595e-01 
       4.839993094550e+00       8.089873884875e-01 
       5.126780715234e+00       6.984579849220e-01 
       5.430561570779e+00       6.028091904217e-01 
       5.752342573652e+00       5.200794718710e-01 
       6.093190299637e+00       4.485547543839e-01 
       6.454234523105e+00       3.867505472584e-01 
       6.836671961767e+00       3.333511840970e-01 
       7.241770243316e+00       2.872255409468e-01 
       7.670872107111e+00       2.474066705055e-01 
       8.125399854816e+00       2.130428412928e-01 
       8.606860064769e+00       1.833877836760e-01 
       9.116848585686e+00       1.578503771469e-01 
