# Matter power spectrum P(k) at redshift z=10
# for k=1.05469e-05 to 9.11685 h/Mpc,
# number of wavenumbers equal to 270
#    1:k (h/Mpc)              2:P (Mpc/h)^3        
       1.054685254309e-05       6.989121220965e-01 
       1.117179284516e-05       7.387032232067e-01 
       1.183376318815e-05       7.807597202477e-01 
       1.253495773991e-05       8.252105999246e-01 
       1.327770068094e-05       8.721921626411e-01 
       1.406445390808e-05       9.218484904625e-01 
       1.489782519471e-05       9.743318568458e-01 
       1.578057683454e-05       1.029803204515e+00 
       1.671563479743e-05       1.088432633847e+00 
       1.770609842788e-05       1.150399933229e+00 
       1.875525071809e-05       1.215895121978e+00 
       1.986656918977e-05       1.285119032536e+00 
       2.104373742076e-05       1.358283932225e+00 
       2.229065725459e-05       1.435614166226e+00 
       2.361146173358e-05       1.517346847018e+00 
       2.501052879817e-05       1.603732590603e+00 
       2.649249579812e-05       1.695036255554e+00 
       2.806227486340e-05       1.791537787435e+00 
       2.972506918601e-05       1.893533044526e+00 
       3.148639026643e-05       2.001334749118e+00 
       3.335207618210e-05       2.115273365758e+00 
       3.532831093829e-05       2.235698209082e+00 
       3.742164496560e-05       2.362978417080e+00 
       3.963901683208e-05       2.497504149427e+00 
       4.198777624174e-05       2.639687737669e+00 
       4.447570839598e-05       2.789964976151e+00 
       4.711105979834e-05       2.948796394060e+00 
       4.990256558844e-05       3.116668742218e+00 
       5.285947849546e-05       3.294096381890e+00 
       5.599159950724e-05       3.481622929540e+00 
       5.930931035668e-05       3.679822871795e+00 
       6.282360793301e-05       3.889303304341e+00 
       6.654614073212e-05       4.110705767673e+00 
       7.048924746667e-05       4.344708218850e+00 
       7.466599796401e-05       4.592027077414e+00 
       7.909023648746e-05       4.853419328917e+00 
       8.377662762449e-05       5.129684892174e+00 
       8.874070489404e-05       5.421668973738e+00 
       9.399892223387e-05       5.730264572050e+00 
       9.956870853887e-05       6.056415176996e+00 
       1.054685254309e-04       6.401117631065e+00 
       1.117179284516e-04       6.765424993113e+00 
       1.183376318815e-04       7.150449710549e+00 
       1.253495773991e-04       7.557366865520e+00 
       1.327770068094e-04       7.987417630980e+00 
       1.406445390808e-04       8.441912835050e+00 
       1.489782519471e-04       8.922236911934e+00 
       1.578057683454e-04       9.429851557930e+00 
       1.671563479743e-04       9.966300240694e+00 
       1.770609842788e-04       1.053321235827e+01 
       1.875525071809e-04       1.113230771224e+01 
       1.986656918977e-04       1.176540143593e+01 
       2.104373742076e-04       1.243440881868e+01 
       2.229065725459e-04       1.314135046295e+01 
       2.361146173358e-04       1.388835754501e+01 
       2.501052879817e-04       1.467767731787e+01 
       2.649249579812e-04       1.551167866965e+01 
       2.806227486340e-04       1.639285821127e+01 
       2.972506918601e-04       1.732384590329e+01 
       3.148639026643e-04       1.830741114993e+01 
       3.335207618210e-04       1.934646915399e+01 
       3.532831093829e-04       2.044408648348e+01 
       3.742164496560e-04       2.160348771942e+01 
       3.963901683208e-04       2.282806114186e+01 
       4.198777624174e-04       2.412136439562e+01 
       4.447570839598e-04       2.548713058543e+01 
       4.711105979834e-04       2.692927263849e+01 
       4.990256558844e-04       2.845188883252e+01 
       5.285947849546e-04       3.005926585353e+01 
       5.599159950724e-04       3.175588265184e+01 
       5.930931035668e-04       3.354641251082e+01 
       6.282360793301e-04       3.543572307070e+01 
       6.654614073212e-04       3.742887731000e+01 
       7.048924746667e-04       3.953112972276e+01 
       7.466599796401e-04       4.174792266811e+01 
       7.909023648746e-04       4.408487903258e+01 
       8.377662762449e-04       4.654779358571e+01 
       8.874070489404e-04       4.914261985482e+01 
       9.399892223387e-04       5.187545461052e+01 
       9.956870853887e-04       5.475251867912e+01 
       1.054685254309e-03       5.778013363804e+01 
       1.117179284516e-03       6.096469452825e+01 
       1.183376318815e-03       6.431263917025e+01 
       1.253495773991e-03       6.783041331119e+01 
       1.327770068094e-03       7.152443075249e+01 
       1.406445390808e-03       7.540103150994e+01 
       1.489782519471e-03       7.946643684430e+01 
       1.578057683454e-03       8.372669962347e+01 
       1.671563479743e-03       8.818765781850e+01 
       1.770609842788e-03       9.285487762323e+01 
       1.875525071809e-03       9.773360475509e+01 
       1.986656918977e-03       1.028287068658e+02 
       2.104373742076e-03       1.081446107985e+02 
       2.229065725459e-03       1.136852416470e+02 
       2.361146173358e-03       1.194539455455e+02 
       2.501052879817e-03       1.254533930806e+02 
       2.649249579812e-03       1.316854760553e+02 
       2.806227486340e-03       1.381511695534e+02 
       2.972506918601e-03       1.448503639267e+02 
       3.148639026643e-03       1.517816809474e+02 
       3.335207618210e-03       1.589422564137e+02 
       3.532831093829e-03       1.663275294564e+02 
       3.742164496560e-03       1.739310270500e+02 
       3.963901683208e-03       1.817441239762e+02 
       4.198777624174e-03       1.897559961788e+02 
       4.447570839598e-03       1.979533741011e+02 
       4.711105979834e-03       2.063204089768e+02 
       4.990256558844e-03       2.148385660957e+02 
       5.285947849546e-03       2.234862849193e+02 
       5.599159950724e-03       2.322387483077e+02 
       5.930931035668e-03       2.410676335109e+02 
       6.282360793301e-03       2.499407302161e+02 
       6.654614073212e-03       2.588217853238e+02 
       7.048924746667e-03       2.676704925488e+02 
       7.466599796401e-03       2.764421155446e+02 
       7.909023648746e-03       2.850874442138e+02 
       8.377662762449e-03       2.935524033696e+02 
       8.874070489404e-03       3.017779064474e+02 
       9.399892223387e-03       3.097000023351e+02 
       9.956870853887e-03       3.172496529800e+02 
       1.054685254309e-02       3.243531128375e+02 
       1.117179284516e-02       3.309315606117e+02 
       1.183376318815e-02       3.369019429647e+02 
       1.253495773991e-02       3.421772371742e+02 
       1.327770068094e-02       3.466676201138e+02 
       1.406445390807e-02       3.502809665052e+02 
       1.489782519470e-02       3.529269382522e+02 
       1.578057683442e-02       3.545111409099e+02 
       1.671563479646e-02       3.549517609270e+02 
       1.770609842091e-02       3.541631544887e+02 
       1.875525067411e-02       3.520780464808e+02 
       1.986656894390e-02       3.486437491736e+02 
       2.104373619483e-02       3.438224635885e+02 
       2.229065177100e-02       3.376066507338e+02 
       2.361143960380e-02       3.300156034388e+02 
       2.501044777982e-02       3.211023734655e+02 
       2.649222528634e-02       3.109650256385e+02 
       2.806144694560e-02       2.997385759583e+02 
       2.972273541715e-02       2.876079374026e+02 
       3.148030480567e-02       2.748045108893e+02 
       3.333734088938e-02       2.616008649709e+02 
       3.529507253647e-02       2.483086079747e+02 
       3.735162255484e-02       2.352597181163e+02 
       3.950096840149e-02       2.227857022362e+02 
       4.173258974862e-02       2.111816970196e+02 
       4.403236102030e-02       2.006682189456e+02 
       4.638473001487e-02       1.913652592401e+02 
       4.877543853907e-02       1.832790894862e+02 
       5.119367831740e-02       1.763176281892e+02 
       5.363300206183e-02       1.703157495800e+02 
       5.609107145942e-02       1.650635850071e+02 
       5.856876804162e-02       1.603342508414e+02 
       6.106917609746e-02       1.559001672129e+02 
       6.359672196341e-02       1.515499737615e+02 
       6.615655374193e-02       1.470976525995e+02 
       6.875413977679e-02       1.423938333226e+02 
       7.139503067298e-02       1.373337736001e+02 
       7.408473117656e-02       1.318633947734e+02 
       7.682864084305e-02       1.259837103893e+02 
       7.963203542357e-02       1.197503876106e+02 
       8.250007098888e-02       1.132692088489e+02 
       8.543779976305e-02       1.066861372566e+02 
       8.845019113030e-02       1.001732946958e+02 
       9.154215407277e-02       9.391128582484e+01 
       9.471855898972e-02       8.807018134569e+01 
       9.798425785379e-02       8.279116882426e+01 
       1.013441022457e-01       7.817137366379e+01 
       1.048029591431e-01       7.425084615569e+01 
       1.083657245245e-01       7.100930571691e+01 
       1.120373349507e-01       6.836230995275e+01 
       1.158227773366e-01       6.616619654010e+01 
       1.197270971533e-01       6.423052089135e+01 
       1.237554053118e-01       6.233943564839e+01 
       1.279128839882e-01       6.028276158870e+01 
       1.322047916525e-01       5.789658796178e+01 
       1.366364675731e-01       5.510132019731e+01 
       1.412133360700e-01       5.192473542241e+01 
       1.459409108043e-01       4.850165323072e+01 
       1.480253419385e-01       4.700223900323e+01 
       1.508247993950e-01       4.504314527981e+01 
       1.558707086700e-01       4.178463168866e+01 
       1.610844508641e-01       3.892850095580e+01 
       1.664719510942e-01       3.659045197307e+01 
       1.720392564478e-01       3.477274533463e+01 
       1.777925470373e-01       3.336194535410e+01 
       1.837381493835e-01       3.216140538893e+01 
       1.898825525064e-01       3.094965833013e+01 
       1.962324271164e-01       2.952143143238e+01 
       2.027946483200e-01       2.780581681921e+01 
       2.095763222791e-01       2.589081301516e+01 
       2.165848172921e-01       2.397051896178e+01 
       2.238277998132e-01       2.223901606112e+01 
       2.313132759755e-01       2.081631031157e+01 
       2.390496392617e-01       1.970910344101e+01 
       2.470457250606e-01       1.880366046381e+01 
       2.553108729692e-01       1.792096477263e+01 
       2.638549978610e-01       1.692902468570e+01 
       2.726886709434e-01       1.581209086288e+01 
       2.818232122792e-01       1.466752212507e+01 
       2.912707965723e-01       1.363707469395e+01 
       3.010445744184e-01       1.279143501797e+01 
       3.111588117254e-01       1.208586433454e+01 
       3.216290506370e-01       1.141838070971e+01 
       3.324722960783e-01       1.070773869704e+01 
       3.437072330200e-01       9.965703461731e+00 
       3.553544807807e-01       9.265642803422e+00 
       3.674368922119e-01       8.659099045062e+00 
       3.799799075183e-01       8.127019284730e+00 
       3.930119748386e-01       7.609941852846e+00 
       4.065650526745e-01       7.086852764384e+00 
       4.206752129050e-01       6.584292564095e+00 
       4.353833676079e-01       6.129947592018e+00 
       4.507361482971e-01       5.715601089337e+00 
       4.667869724986e-01       5.314907933371e+00 
       4.835973396183e-01       4.925191617648e+00 
       5.012384051644e-01       4.563140217830e+00 
       5.197928880966e-01       4.228054642807e+00 
       5.393573673034e-01       3.906197476599e+00 
       5.600450140080e-01       3.600228637864e+00 
       5.819887764142e-01       3.314285428723e+00 
       6.053449623340e-01       3.042939416400e+00 
       6.302970246921e-01       2.785194868764e+00 
       6.570591004997e-01       2.542615091305e+00 
       6.858784378759e-01       2.312609999978e+00 
       7.170352496066e-01       2.095604916115e+00 
       7.508378590846e-01       1.891071013040e+00 
       7.876106506030e-01       1.698943187670e+00 
       8.276731536005e-01       1.519219743341e+00 
       8.713116847377e-01       1.352288501383e+00 
       9.187504978811e-01       1.198493211810e+00 
       9.701345324885e-01       1.058102494240e+00 
       1.025534845094e+00       9.311533791116e-01 
       1.084977609018e+00       8.173547285118e-01 
       1.148484494357e+00       7.160724861994e-01 
       1.216107533182e+00       6.264615724560e-01 
       1.287948267305e+00       5.474659585213e-01 
       1.364161295927e+00       4.780197342349e-01 
       1.444948307987e+00       4.170835094983e-01 
       1.530549044136e+00       3.636772201645e-01 
       1.621233249843e+00       3.169101570821e-01 
       1.717295182085e+00       2.760020621898e-01 
       1.819050660201e+00       2.402321354725e-01 
       1.926836008351e+00       2.089923279884e-01 
       2.041008175638e+00       1.817132463597e-01 
       2.161945503548e+00       1.579136196706e-01 
       2.290048826400e+00       1.371636186496e-01 
       2.425742749884e+00       1.190775959921e-01 
       2.569477044089e+00       1.033276628642e-01 
       2.721728130702e+00       8.961789975934e-02 
       2.883000661365e+00       7.769138158142e-02 
       3.053829190240e+00       6.732344757812e-02 
       3.234779945817e+00       5.831289241222e-02 
       3.426452707735e+00       5.048716674434e-02 
       3.629482794812e+00       4.369203634600e-02 
       3.844543170872e+00       3.779724583318e-02 
       4.072346675351e+00       3.268465338495e-02 
       4.313648386078e+00       2.825202390005e-02 
       4.569248122059e+00       2.441115888580e-02 
       4.839993094550e+00       2.108489542769e-02 
       5.126780715234e+00       1.820552685210e-02 
       5.430561570779e+00       1.571340521739e-02 
       5.752342573652e+00       1.355781925628e-02 
       6.093190299637e+00       1.169387731387e-02 
       6.454234523105e+00       1.008320392156e-02 
       6.836671961767e+00       8.691415023632e-03 
       7.241770243316e+00       7.489198190549e-03 
       7.670872107111e+00       6.451220336027e-03 
       8.125399854816e+00       5.555395702314e-03 
       8.606860064769e+00       4.782312467248e-03 
       9.116848585686e+00       4.116497581593e-03 
