# Matter power spectrum P(k) at redshift z=1
# for k=1.05469e-05 to 9.11685 h/Mpc,
# number of wavenumbers equal to 270
#    1:k (h/Mpc)              2:P (Mpc/h)^3        
       1.054685254309e-05       1.895321124164e+01 
       1.117179284516e-05       2.003226895539e+01 
       1.183376318815e-05       2.117276321125e+01 
       1.253495773991e-05       2.237818110312e+01 
       1.327770068094e-05       2.365223561549e+01 
       1.406445390808e-05       2.499881324162e+01 
       1.489782519471e-05       2.642205885849e+01 
       1.578057683454e-05       2.792633670640e+01 
       1.671563479743e-05       2.951624809057e+01 
       1.770609842788e-05       3.119667869945e+01 
       1.875525071809e-05       3.297277497168e+01 
       1.986656918977e-05       3.484998350672e+01 
       2.104373742076e-05       3.683406159328e+01 
       2.229065725459e-05       3.893109115492e+01 
       2.361146173358e-05       4.114750325129e+01 
       2.501052879817e-05       4.349009207745e+01 
       2.649249579812e-05       4.596603996679e+01 
       2.806227486340e-05       4.858293611813e+01 
       2.972506918601e-05       5.134880531462e+01 
       3.148639026643e-05       5.427211865604e+01 
       3.335207618210e-05       5.736184494469e+01 
       3.532831093829e-05       6.062744880662e+01 
       3.742164496560e-05       6.407893905805e+01 
       3.963901683208e-05       6.772689329812e+01 
       4.198777624174e-05       7.158248876681e+01 
       4.447570839598e-05       7.565753806581e+01 
       4.711105979834e-05       7.996452443371e+01 
       4.990256558844e-05       8.451664198335e+01 
       5.285947849546e-05       8.932782994931e+01 
       5.599159950724e-05       9.441282150443e+01 
       5.930931035668e-05       9.978718356678e+01 
       6.282360793301e-05       1.054673667066e+02 
       6.654614073212e-05       1.114707518990e+02 
       7.048924746667e-05       1.178157061634e+02 
       7.466599796401e-05       1.245216347210e+02 
       7.909023648746e-05       1.316090396550e+02 
       8.377662762449e-05       1.390995816514e+02 
       8.874070489404e-05       1.470161438994e+02 
       9.399892223387e-05       1.553828997118e+02 
       9.956870853887e-05       1.642253835435e+02 
       1.054685254309e-04       1.735705662513e+02 
       1.117179284516e-04       1.834469324844e+02 
       1.183376318815e-04       1.938845634019e+02 
       1.253495773991e-04       2.049152245118e+02 
       1.327770068094e-04       2.165724544766e+02 
       1.406445390808e-04       2.288916590272e+02 
       1.489782519471e-04       2.419102129309e+02 
       1.578057683454e-04       2.556675604034e+02 
       1.671563479743e-04       2.702053227925e+02 
       1.770609842788e-04       2.855674123187e+02 
       1.875525071809e-04       3.018001455094e+02 
       1.986656918977e-04       3.189523651707e+02 
       2.104373742076e-04       3.370755636357e+02 
       2.229065725459e-04       3.562240112768e+02 
       2.361146173358e-04       3.764548861991e+02 
       2.501052879817e-04       3.978284092367e+02 
       2.649249579812e-04       4.204079795069e+02 
       2.806227486340e-04       4.442603149712e+02 
       2.972506918601e-04       4.694555886200e+02 
       3.148639026643e-04       4.960675700583e+02 
       3.335207618210e-04       5.241737629057e+02 
       3.532831093829e-04       5.538555407418e+02 
       3.742164496560e-04       5.851982845787e+02 
       3.963901683208e-04       6.182915053239e+02 
       4.198777624174e-04       6.532289694313e+02 
       4.447570839598e-04       6.901088133634e+02 
       4.711105979834e-04       7.290336479340e+02 
       4.990256558844e-04       7.701106506302e+02 
       5.285947849546e-04       8.134516494731e+02 
       5.599159950724e-04       8.591731832495e+02 
       5.930931035668e-04       9.073965619023e+02 
       6.282360793301e-04       9.582478710410e+02 
       6.654614073212e-04       1.011858025075e+03 
       7.048924746667e-04       1.068362717326e+03 
       7.466599796401e-04       1.127902396756e+03 
       7.909023648746e-04       1.190622202579e+03 
       8.377662762449e-04       1.256671852111e+03 
       8.874070489404e-04       1.326205498682e+03 
       9.399892223387e-04       1.399381521581e+03 
       9.956870853887e-04       1.476362249780e+03 
       1.054685254309e-03       1.557313594805e+03 
       1.117179284516e-03       1.642404561723e+03 
       1.183376318815e-03       1.731806643577e+03 
       1.253495773991e-03       1.825693038569e+03 
       1.327770068094e-03       1.924237740765e+03 
       1.406445390808e-03       2.027614374834e+03 
       1.489782519471e-03       2.135994944632e+03 
       1.578057683454e-03       2.249548507356e+03 
       1.671563479743e-03       2.368439403688e+03 
       1.770609842788e-03       2.492825796714e+03 
       1.875525071809e-03       2.622857832884e+03 
       1.986656918977e-03       2.758675641395e+03 
       2.104373742076e-03       2.900406995728e+03 
       2.229065725459e-03       3.048164919834e+03 
       2.361146173358e-03       3.202044675901e+03 
       2.501052879817e-03       3.362120586567e+03 
       2.649249579812e-03       3.528442821205e+03 
       2.806227486340e-03       3.701034475995e+03 
       2.972506918601e-03       3.879888139069e+03 
       3.148639026643e-03       4.064961449048e+03 
       3.335207618210e-03       4.256173960187e+03 
       3.532831093829e-03       4.453401617370e+03 
       3.742164496560e-03       4.656471922230e+03 
       3.963901683208e-03       4.865157292101e+03 
       4.198777624174e-03       5.079172396391e+03 
       4.447570839598e-03       5.298165045422e+03 
       4.711105979834e-03       5.521711403558e+03 
       4.990256558844e-03       5.749312731981e+03 
       5.285947849546e-03       5.980388423818e+03 
       5.599159950724e-03       6.214272503767e+03 
       5.930931035668e-03       6.450209388037e+03 
       6.282360793301e-03       6.687370622555e+03 
       6.654614073212e-03       6.924771687044e+03 
       7.048924746667e-03       7.161262766519e+03 
       7.466599796401e-03       7.395682098157e+03 
       7.909023648746e-03       7.626737051024e+03 
       8.377662762449e-03       7.852988448946e+03 
       8.874070489404e-03       8.072876127177e+03 
       9.399892223387e-03       8.284636167021e+03 
       9.956870853887e-03       8.486438613446e+03 
       1.054685254309e-02       8.676282848522e+03 
       1.117179284516e-02       8.852157595765e+03 
       1.183376318815e-02       9.011705815824e+03 
       1.253495773991e-02       9.152702538165e+03 
       1.327770068094e-02       9.272744893949e+03 
       1.406445390807e-02       9.369302305015e+03 
       1.489782519470e-02       9.439938744226e+03 
       1.578057683442e-02       9.482239006546e+03 
       1.671563479646e-02       9.493872934728e+03 
       1.770609842091e-02       9.472723697469e+03 
       1.875525067411e-02       9.416904295452e+03 
       1.986656894390e-02       9.324996880628e+03 
       2.104373619483e-02       9.195999173947e+03 
       2.229065177100e-02       9.029732262313e+03 
       2.361143960380e-02       8.826690255534e+03 
       2.501044777982e-02       8.588243785278e+03 
       2.649222528634e-02       8.317107569304e+03 
       2.806144694560e-02       8.016805214198e+03 
       2.972273541715e-02       7.692343638941e+03 
       3.148030480567e-02       7.349904953088e+03 
       3.333734088938e-02       6.996757066755e+03 
       3.529507253647e-02       6.641239404402e+03 
       3.735162255484e-02       6.292213570993e+03 
       3.950096840149e-02       5.958560633783e+03 
       4.173258974862e-02       5.648199220822e+03 
       4.403236102030e-02       5.367023639054e+03 
       4.638473001487e-02       5.118210771048e+03 
       4.877543853907e-02       4.901934955464e+03 
       5.119367831740e-02       4.715753225716e+03 
       5.363300206183e-02       4.555211606985e+03 
       5.609107145942e-02       4.414754040955e+03 
       5.856876804162e-02       4.288258455295e+03 
       6.106917609746e-02       4.169666614747e+03 
       6.359672196341e-02       4.053315533658e+03 
       6.615655374193e-02       3.934239139990e+03 
       6.875413977679e-02       3.808416786444e+03 
       7.139503067298e-02       3.673091430327e+03 
       7.408473117656e-02       3.526781681487e+03 
       7.682864084305e-02       3.369525784132e+03 
       7.963203542357e-02       3.202807311123e+03 
       8.250007098888e-02       3.029452960029e+03 
       8.543779976305e-02       2.853394547793e+03 
       8.845019113030e-02       2.679201416191e+03 
       9.154215407277e-02       2.511710087626e+03 
       9.471855898972e-02       2.355489564757e+03 
       9.798425785379e-02       2.214304336730e+03 
       1.013441022457e-01       2.090740685549e+03 
       1.048029591431e-01       1.985883688498e+03 
       1.083657245245e-01       1.899186208486e+03 
       1.120373349507e-01       1.828387468059e+03 
       1.158227773366e-01       1.769651339204e+03 
       1.197270971533e-01       1.717877802147e+03 
       1.237554053118e-01       1.667297925610e+03 
       1.279128839882e-01       1.612304233924e+03 
       1.322047916525e-01       1.548480434837e+03 
       1.366364675731e-01       1.473719059420e+03 
       1.412133360700e-01       1.388760086028e+03 
       1.459409108043e-01       1.297206251324e+03 
       1.480253419385e-01       1.257096138186e+03 
       1.508247993950e-01       1.204702738809e+03 
       1.558707086700e-01       1.117554103983e+03 
       1.610844508641e-01       1.041161037807e+03 
       1.664719510942e-01       9.786282748187e+02 
       1.720392564478e-01       9.300155990794e+02 
       1.777925470373e-01       8.922811891521e+02 
       1.837381493835e-01       8.601752108893e+02 
       1.898825525064e-01       8.277660462200e+02 
       1.962324271164e-01       7.895658155809e+02 
       2.027946483200e-01       7.436818445964e+02 
       2.095763222791e-01       6.924616296228e+02 
       2.165848172921e-01       6.411030502865e+02 
       2.238277998132e-01       5.947935544300e+02 
       2.313132759755e-01       5.567404963808e+02 
       2.390496392617e-01       5.271291460533e+02 
       2.470457250606e-01       5.029122766088e+02 
       2.553108729692e-01       4.793029415161e+02 
       2.638549978610e-01       4.527725887085e+02 
       2.726886709434e-01       4.229011902644e+02 
       2.818232122792e-01       3.922879125194e+02 
       2.912707965723e-01       3.647287279417e+02 
       3.010445744184e-01       3.421105973546e+02 
       3.111588117254e-01       3.232408392676e+02 
       3.216290506370e-01       3.053871985045e+02 
       3.324722960783e-01       2.863819146743e+02 
       3.437072330200e-01       2.665346005779e+02 
       3.553544807807e-01       2.478117424833e+02 
       3.674368922119e-01       2.315889846559e+02 
       3.799799075183e-01       2.173581520842e+02 
       3.930119748386e-01       2.035287968550e+02 
       4.065650526745e-01       1.895387990983e+02 
       4.206752129050e-01       1.760969027127e+02 
       4.353833676079e-01       1.639453381692e+02 
       4.507361482971e-01       1.528633484974e+02 
       4.667869724986e-01       1.421469518616e+02 
       4.835973396183e-01       1.317234589207e+02 
       5.012384051644e-01       1.220404185705e+02 
       5.197928880966e-01       1.130781464674e+02 
       5.393573673034e-01       1.044701298605e+02 
       5.600450140080e-01       9.628650109505e+01 
       5.819887764142e-01       8.863891176953e+01 
       6.053449623340e-01       8.138176237106e+01 
       6.302970246921e-01       7.448810155262e+01 
       6.570591004997e-01       6.800033381436e+01 
       6.858784378759e-01       6.184884938277e+01 
       7.170352496066e-01       5.604499457758e+01 
       7.508378590846e-01       5.057459386302e+01 
       7.876106506030e-01       4.543594821477e+01 
       8.276731536005e-01       4.062918831396e+01 
       8.713116847377e-01       3.616465465196e+01 
       9.187504978811e-01       3.205125137849e+01 
       9.701345324885e-01       2.829641796992e+01 
       1.025534845094e+00       2.490120086057e+01 
       1.084977609018e+00       2.185765936115e+01 
       1.148484494357e+00       1.914887286566e+01 
       1.216107533182e+00       1.675224626003e+01 
       1.287948267305e+00       1.463949087244e+01 
       1.364161295927e+00       1.278221493344e+01 
       1.444948307987e+00       1.115250236207e+01 
       1.530549044136e+00       9.724197318758e+00 
       1.621233249843e+00       8.473521426142e+00 
       1.717295182085e+00       7.379485291996e+00 
       1.819050660201e+00       6.422885582385e+00 
       1.926836008351e+00       5.587427596078e+00 
       2.041008175638e+00       4.857927631911e+00 
       2.161945503548e+00       4.221488992792e+00 
       2.290048826400e+00       3.666598737010e+00 
       2.425742749884e+00       3.183005000544e+00 
       2.569477044089e+00       2.761839973576e+00 
       2.721728130702e+00       2.395292129273e+00 
       2.883000661365e+00       2.076382980162e+00 
       3.053829190240e+00       1.799200670126e+00 
       3.234779945817e+00       1.558289904385e+00 
       3.426452707735e+00       1.349097921371e+00 
       3.629482794812e+00       1.167439716798e+00 
       3.844543170872e+00       1.009875104435e+00 
       4.072346675351e+00       8.732251738736e-01 
       4.313648386078e+00       7.547611539713e-01 
       4.569248122059e+00       6.521152762916e-01 
       4.839993094550e+00       5.632279899247e-01 
       5.126780715234e+00       4.862888520012e-01 
       5.430561570779e+00       4.197020471229e-01 
       5.752342573652e+00       3.621089135077e-01 
       6.093190299637e+00       3.123142479294e-01 
       6.454234523105e+00       2.692858664853e-01 
       6.836671961767e+00       2.321084291111e-01 
       7.241770243316e+00       1.999947497425e-01 
       7.670872107111e+00       1.722704991821e-01 
       8.125399854816e+00       1.483445156337e-01 
       8.606860064769e+00       1.276962338040e-01 
       9.116848585686e+00       1.099152095920e-01 
